0 0.307031 0.290625 0.120313 0.156250
1 0.482812 0.294792 0.118750 0.152083
2 0.660156 0.309375 0.126562 0.152083
3 0.285156 0.512500 0.126562 0.170833
4 0.474219 0.526042 0.126562 0.156250
5 0.654687 0.536458 0.128125 0.172917
6 0.282031 0.760417 0.123438 0.170833
7 0.474219 0.760417 0.123438 0.166667
8 0.645312 0.784375 0.137500 0.168750
5 0.305469 0.129167 0.073438 0.095833
6 0.393750 0.129167 0.078125 0.100000
0 0.482031 0.129167 0.073438 0.095833
2 0.570312 0.131250 0.078125 0.104167
7 0.655469 0.135417 0.079687 0.104167
