0 0.285156 0.313542 0.120313 0.156250
1 0.468750 0.323958 0.118750 0.152083
2 0.644531 0.342708 0.126562 0.152083
3 0.272656 0.547917 0.126562 0.170833
4 0.455469 0.553125 0.126562 0.156250
5 0.637500 0.563542 0.128125 0.172917
6 0.260156 0.787500 0.123438 0.170833
7 0.460156 0.793750 0.123438 0.166667
8 0.634375 0.809375 0.137500 0.168750
5 0.292969 0.154167 0.073438 0.095833
6 0.381250 0.162500 0.078125 0.100000
0 0.469531 0.160417 0.073438 0.095833
2 0.554688 0.164583 0.078125 0.104167
7 0.638281 0.168750 0.079687 0.104167
