0 0.272656 0.355208 0.120313 0.156250
1 0.454688 0.367708 0.118750 0.152083
2 0.622656 0.380208 0.126562 0.152083
3 0.255469 0.585417 0.126562 0.170833
4 0.441406 0.588542 0.126562 0.156250
5 0.618750 0.605208 0.128125 0.172917
6 0.246094 0.825000 0.123438 0.170833
7 0.446094 0.831250 0.123438 0.166667
8 0.617188 0.844792 0.137500 0.168750
5 0.275781 0.195833 0.073438 0.095833
6 0.362500 0.197917 0.078125 0.100000
0 0.453906 0.197917 0.073438 0.095833
2 0.539062 0.204167 0.078125 0.104167
7 0.622656 0.206250 0.079687 0.104167
