0 0.367188 0.278125 0.146875 0.181250
1 0.546094 0.291667 0.142187 0.175000
2 0.715625 0.304167 0.131250 0.170833
3 0.355469 0.506250 0.135937 0.191667
4 0.531250 0.516667 0.140625 0.183333
5 0.710938 0.525000 0.137500 0.195833
6 0.347656 0.738542 0.145313 0.193750
7 0.532813 0.747917 0.146875 0.187500
8 0.700781 0.764583 0.151562 0.179167
5 0.365625 0.114583 0.087500 0.112500
6 0.455469 0.125000 0.092188 0.125000
0 0.546875 0.113542 0.081250 0.106250
2 0.630469 0.117708 0.082812 0.106250
7 0.716406 0.120833 0.085938 0.108333
