0 0.277344 0.403125 0.120313 0.156250
1 0.451562 0.401042 0.118750 0.152083
2 0.632031 0.421875 0.126562 0.152083
3 0.261719 0.625000 0.126562 0.170833
4 0.447656 0.634375 0.126562 0.156250
5 0.623437 0.644792 0.128125 0.172917
6 0.247656 0.870833 0.123438 0.170833
7 0.444531 0.875000 0.123438 0.166667
8 0.620313 0.890625 0.137500 0.168750
5 0.278906 0.237500 0.073438 0.095833
6 0.364063 0.241667 0.078125 0.100000
0 0.453906 0.243750 0.073438 0.095833
2 0.540625 0.245833 0.078125 0.104167
7 0.625781 0.256250 0.079687 0.104167
