0 0.263281 0.371875 0.120313 0.156250
1 0.443750 0.384375 0.118750 0.152083
2 0.614844 0.403125 0.126562 0.152083
3 0.246094 0.604167 0.126562 0.170833
4 0.433594 0.613542 0.126562 0.156250
5 0.612500 0.621875 0.128125 0.172917
6 0.230469 0.843750 0.123438 0.170833
7 0.436719 0.852083 0.123438 0.166667
8 0.603125 0.861458 0.128125 0.177083
5 0.266406 0.210417 0.073438 0.095833
6 0.356250 0.214583 0.078125 0.100000
0 0.435937 0.219792 0.087500 0.097917
2 0.528125 0.220833 0.078125 0.104167
7 0.613281 0.227083 0.079687 0.104167
