0 0.230469 0.384375 0.120313 0.156250
1 0.410938 0.390625 0.118750 0.152083
2 0.585156 0.401042 0.126562 0.152083
3 0.213281 0.612500 0.126562 0.170833
4 0.408594 0.619792 0.126562 0.156250
5 0.585938 0.632292 0.128125 0.172917
6 0.200781 0.856250 0.123438 0.170833
7 0.407031 0.866667 0.123438 0.166667
8 0.579688 0.871875 0.128125 0.177083
5 0.235156 0.222917 0.073438 0.095833
6 0.329688 0.229167 0.078125 0.100000
0 0.419531 0.226042 0.079687 0.097917
2 0.501563 0.231250 0.078125 0.104167
7 0.586719 0.237500 0.079687 0.104167
