0 0.116406 0.353125 0.120313 0.156250
1 0.310937 0.367708 0.118750 0.152083
2 0.486719 0.386458 0.126562 0.152083
3 0.102344 0.587500 0.126562 0.170833
4 0.297656 0.592708 0.126562 0.156250
5 0.482812 0.607292 0.128125 0.172917
6 0.089844 0.837500 0.123438 0.170833
7 0.300781 0.835417 0.123438 0.166667
8 0.476562 0.848958 0.128125 0.177083
5 0.124219 0.189583 0.073438 0.095833
6 0.214062 0.195833 0.078125 0.100000
0 0.310156 0.198958 0.079687 0.097917
2 0.400000 0.206250 0.078125 0.104167
7 0.486719 0.212500 0.079687 0.104167
