0 0.125781 0.351042 0.120313 0.156250
1 0.310937 0.367708 0.118750 0.152083
2 0.491406 0.380208 0.126562 0.152083
3 0.102344 0.587500 0.126562 0.170833
4 0.297656 0.592708 0.126562 0.156250
5 0.482812 0.596875 0.128125 0.172917
6 0.100781 0.834375 0.135937 0.181250
7 0.300781 0.835417 0.123438 0.166667
8 0.484375 0.842708 0.128125 0.177083
5 0.125781 0.184375 0.085938 0.106250
6 0.221875 0.191667 0.078125 0.100000
0 0.313281 0.194792 0.079687 0.097917
2 0.400000 0.200000 0.078125 0.104167
7 0.483594 0.202083 0.079687 0.104167
