0 0.219531 0.326042 0.120313 0.156250
1 0.396875 0.340625 0.118750 0.152083
2 0.572656 0.346875 0.126562 0.152083
3 0.211719 0.560417 0.126562 0.170833
4 0.392969 0.565625 0.126562 0.156250
5 0.575000 0.565625 0.128125 0.172917
6 0.196875 0.798958 0.137500 0.181250
7 0.394531 0.802083 0.123438 0.166667
8 0.565625 0.807292 0.128125 0.177083
5 0.222656 0.163542 0.085938 0.106250
6 0.304688 0.164583 0.078125 0.100000
0 0.394531 0.169792 0.079687 0.097917
2 0.487500 0.168750 0.078125 0.104167
7 0.571094 0.172917 0.079687 0.104167
