0 0.225781 0.326042 0.120313 0.156250
1 0.407813 0.336458 0.118750 0.152083
2 0.582031 0.344792 0.126562 0.152083
3 0.211719 0.560417 0.126562 0.170833
4 0.403906 0.561458 0.126562 0.156250
5 0.584375 0.563542 0.128125 0.172917
6 0.210938 0.794792 0.137500 0.181250
7 0.403906 0.802083 0.123438 0.166667
8 0.575000 0.807292 0.128125 0.177083
5 0.230469 0.163542 0.085938 0.106250
6 0.317188 0.166667 0.078125 0.100000
0 0.408594 0.165625 0.079687 0.097917
2 0.495312 0.168750 0.078125 0.104167
7 0.578906 0.168750 0.079687 0.104167
