0 0.300781 0.296875 0.120313 0.156250
1 0.484375 0.301042 0.118750 0.152083
2 0.650781 0.309375 0.126562 0.152083
3 0.294531 0.529167 0.126562 0.170833
4 0.475781 0.532292 0.126562 0.156250
5 0.654687 0.534375 0.128125 0.172917
6 0.287500 0.763542 0.137500 0.181250
7 0.480469 0.766667 0.123438 0.166667
8 0.660937 0.780208 0.128125 0.177083
5 0.300781 0.131250 0.085938 0.108333
6 0.382812 0.133333 0.078125 0.100000
0 0.477344 0.130208 0.067187 0.093750
2 0.560937 0.127083 0.078125 0.104167
7 0.649219 0.133333 0.079687 0.104167
