0 0.336719 0.330208 0.120313 0.156250
1 0.510938 0.334375 0.118750 0.152083
2 0.683594 0.344792 0.126562 0.152083
3 0.322656 0.562500 0.126562 0.170833
4 0.510156 0.561458 0.126562 0.156250
5 0.682813 0.569792 0.128125 0.172917
6 0.320312 0.794792 0.137500 0.181250
7 0.510156 0.802083 0.123438 0.166667
8 0.679688 0.811458 0.128125 0.177083
5 0.335156 0.168750 0.085938 0.108333
6 0.421875 0.170833 0.078125 0.100000
0 0.503906 0.165625 0.067187 0.093750
2 0.596875 0.166667 0.078125 0.104167
7 0.677344 0.166667 0.079687 0.104167
