0 0.341406 0.334375 0.120313 0.156250
1 0.510938 0.334375 0.118750 0.152083
2 0.683594 0.344792 0.126562 0.152083
3 0.322656 0.562500 0.126562 0.170833
4 0.510156 0.561458 0.126562 0.156250
5 0.685937 0.569792 0.128125 0.172917
6 0.326562 0.796875 0.137500 0.181250
7 0.510156 0.802083 0.123438 0.166667
8 0.684375 0.811458 0.128125 0.177083
5 0.336719 0.171875 0.082812 0.102083
6 0.421875 0.171875 0.078125 0.097917
0 0.516406 0.169792 0.067187 0.093750
2 0.600000 0.166667 0.078125 0.104167
7 0.686719 0.170833 0.079687 0.104167
