0 0.344531 0.330208 0.120313 0.156250
1 0.528125 0.336458 0.118750 0.152083
2 0.699219 0.348958 0.126562 0.152083
3 0.336719 0.555208 0.114062 0.160417
4 0.516406 0.561458 0.126562 0.156250
5 0.698438 0.571875 0.128125 0.172917
6 0.332813 0.794792 0.125000 0.177083
7 0.525781 0.797917 0.123438 0.166667
8 0.696875 0.811458 0.128125 0.177083
5 0.341406 0.171875 0.082812 0.102083
6 0.432812 0.169792 0.078125 0.097917
0 0.521875 0.165625 0.075000 0.097917
2 0.610938 0.164583 0.071875 0.104167
7 0.691406 0.170833 0.079687 0.104167
