0 0.371875 0.258333 0.140625 0.179167
1 0.552344 0.268750 0.129688 0.175000
2 0.720313 0.275000 0.140625 0.175000
3 0.362500 0.492708 0.140625 0.181250
4 0.539062 0.494792 0.137500 0.197917
5 0.721094 0.501042 0.142187 0.177083
6 0.360938 0.725000 0.137500 0.195833
7 0.546875 0.730208 0.137500 0.177083
8 0.715625 0.742708 0.146875 0.189583
5 0.368750 0.095833 0.084375 0.129167
6 0.455469 0.098958 0.082812 0.118750
0 0.546094 0.092708 0.092188 0.118750
2 0.632812 0.086458 0.084375 0.097917
7 0.720313 0.093750 0.093750 0.112500
