0 0.496094 0.328125 0.120313 0.156250
1 0.675000 0.332292 0.118750 0.152083
2 0.850781 0.338542 0.126562 0.152083
3 0.486719 0.553125 0.114062 0.160417
4 0.664844 0.559375 0.126562 0.156250
5 0.846875 0.565625 0.128125 0.172917
6 0.481250 0.786458 0.125000 0.177083
7 0.671094 0.800000 0.123438 0.166667
8 0.856250 0.815625 0.128125 0.177083
5 0.493750 0.169792 0.075000 0.102083
6 0.576562 0.167708 0.078125 0.097917
0 0.667188 0.161458 0.075000 0.097917
2 0.753125 0.158333 0.071875 0.104167
7 0.841406 0.156250 0.079687 0.104167
