0 0.414844 0.282292 0.120313 0.156250
1 0.585938 0.280208 0.118750 0.152083
2 0.764844 0.288542 0.126562 0.152083
3 0.402344 0.507292 0.114062 0.160417
4 0.585156 0.509375 0.126562 0.156250
5 0.765625 0.511458 0.128125 0.172917
6 0.396875 0.742708 0.125000 0.177083
7 0.589844 0.745833 0.123438 0.166667
8 0.762500 0.763542 0.128125 0.177083
5 0.410938 0.117708 0.075000 0.102083
6 0.495312 0.115625 0.078125 0.097917
0 0.584375 0.111458 0.075000 0.097917
2 0.671875 0.108333 0.071875 0.104167
7 0.764844 0.108333 0.079687 0.104167
