0 0.391406 0.282292 0.120313 0.156250
1 0.567187 0.278125 0.118750 0.152083
2 0.741406 0.284375 0.126562 0.152083
3 0.380469 0.501042 0.114062 0.160417
4 0.564844 0.507292 0.126562 0.156250
5 0.740625 0.515625 0.128125 0.172917
6 0.375000 0.740625 0.125000 0.177083
7 0.569531 0.747917 0.123438 0.166667
8 0.740625 0.759375 0.128125 0.177083
5 0.384375 0.117708 0.075000 0.102083
6 0.471875 0.115625 0.078125 0.097917
0 0.562500 0.111458 0.075000 0.097917
2 0.650000 0.108333 0.071875 0.104167
7 0.735156 0.106250 0.079687 0.104167
