0 0.354687 0.263542 0.121875 0.156250
1 0.534375 0.268750 0.115625 0.154167
2 0.706250 0.286458 0.118750 0.147917
3 0.347656 0.502083 0.123438 0.162500
4 0.531250 0.503125 0.121875 0.168750
5 0.708594 0.507292 0.123438 0.160417
6 0.347656 0.737500 0.123438 0.162500
7 0.535156 0.738542 0.123438 0.164583
8 0.703906 0.746875 0.123438 0.168750
5 0.355469 0.108333 0.079687 0.095833
6 0.443750 0.111458 0.075000 0.097917
0 0.532031 0.105208 0.076563 0.097917
2 0.617969 0.105208 0.076563 0.097917
7 0.705469 0.103125 0.076563 0.102083
