0 0.335938 0.263542 0.121875 0.156250
1 0.515625 0.270833 0.115625 0.154167
2 0.687500 0.284375 0.118750 0.147917
3 0.328906 0.495833 0.123438 0.162500
4 0.507812 0.497917 0.125000 0.158333
5 0.689844 0.503125 0.123438 0.160417
6 0.325781 0.734375 0.126562 0.168750
7 0.511719 0.736458 0.123438 0.164583
8 0.684375 0.746875 0.125000 0.168750
5 0.333594 0.106250 0.079687 0.095833
6 0.418750 0.109375 0.075000 0.097917
0 0.513281 0.101042 0.076563 0.097917
2 0.599219 0.096875 0.076563 0.097917
7 0.685156 0.098958 0.076563 0.102083
