0 0.346094 0.230208 0.135937 0.172917
1 0.525781 0.236458 0.142187 0.172917
2 0.700781 0.242708 0.148438 0.185417
3 0.338281 0.461458 0.142187 0.181250
4 0.514062 0.462500 0.146875 0.191667
5 0.692969 0.465625 0.142187 0.181250
6 0.335156 0.696875 0.142187 0.189583
7 0.526563 0.703125 0.140625 0.181250
8 0.692969 0.706250 0.142187 0.170833
5 0.340625 0.061458 0.090625 0.114583
6 0.426563 0.067708 0.087500 0.118750
0 0.521875 0.059375 0.084375 0.110417
2 0.604688 0.057292 0.084375 0.110417
7 0.693750 0.060417 0.081250 0.116667
