0 0.319531 0.346875 0.117188 0.147917
9 0.495312 0.347917 0.121875 0.154167
2 0.656250 0.358333 0.118750 0.150000
3 0.301563 0.566667 0.121875 0.158333
4 0.478125 0.565625 0.125000 0.160417
5 0.654687 0.578125 0.121875 0.168750
6 0.289844 0.790625 0.123438 0.160417
7 0.484375 0.806250 0.131250 0.166667
8 0.651563 0.814583 0.125000 0.166667
5 0.318750 0.195833 0.078125 0.091667
6 0.398438 0.198958 0.075000 0.093750
0 0.488281 0.187500 0.076563 0.100000
2 0.569531 0.188542 0.076563 0.097917
7 0.653125 0.191667 0.078125 0.108333
