0 0.276562 0.377083 0.115625 0.145833
9 0.456250 0.379167 0.121875 0.154167
2 0.620313 0.400000 0.118750 0.150000
3 0.256250 0.600000 0.121875 0.158333
4 0.437500 0.603125 0.125000 0.160417
5 0.617188 0.609375 0.121875 0.168750
6 0.240625 0.827083 0.125000 0.179167
7 0.439063 0.833333 0.125000 0.170833
8 0.612500 0.852083 0.128125 0.170833
5 0.280469 0.223958 0.076563 0.093750
6 0.364844 0.236458 0.073438 0.089583
0 0.449219 0.231250 0.076563 0.100000
2 0.533594 0.225000 0.073438 0.095833
7 0.618750 0.230208 0.075000 0.097917
