0 0.253125 0.343750 0.115625 0.145833
9 0.428906 0.360417 0.114062 0.150000
2 0.593750 0.377083 0.118750 0.150000
3 0.234375 0.568750 0.121875 0.158333
4 0.415625 0.578125 0.125000 0.160417
5 0.593750 0.590625 0.121875 0.168750
6 0.217969 0.806250 0.132812 0.175000
7 0.417187 0.814583 0.125000 0.170833
8 0.587500 0.829167 0.128125 0.170833
5 0.253906 0.197917 0.076563 0.095833
6 0.338281 0.207292 0.073438 0.089583
0 0.424219 0.200000 0.076563 0.100000
2 0.508594 0.206250 0.073438 0.095833
7 0.590625 0.209375 0.075000 0.097917
