0 0.337500 0.329167 0.115625 0.145833
9 0.516406 0.320833 0.114062 0.150000
2 0.681250 0.339583 0.118750 0.150000
3 0.325000 0.548958 0.121875 0.160417
4 0.506250 0.554167 0.125000 0.162500
5 0.682813 0.554167 0.121875 0.170833
6 0.316406 0.789583 0.132812 0.175000
7 0.510938 0.785417 0.125000 0.170833
8 0.687500 0.795833 0.128125 0.170833
5 0.338281 0.183333 0.076563 0.095833
6 0.421875 0.178125 0.075000 0.089583
0 0.508594 0.164583 0.076563 0.100000
2 0.591406 0.162500 0.073438 0.095833
7 0.675000 0.161458 0.075000 0.097917
