0 0.310937 0.333333 0.115625 0.145833
9 0.491406 0.322917 0.114062 0.150000
2 0.651563 0.337500 0.118750 0.150000
3 0.301563 0.543750 0.121875 0.162500
4 0.476562 0.548958 0.125000 0.164583
5 0.653125 0.557292 0.121875 0.172917
6 0.300781 0.783333 0.132812 0.175000
7 0.492188 0.789583 0.125000 0.170833
8 0.662500 0.793750 0.128125 0.170833
5 0.305469 0.181250 0.076563 0.095833
6 0.392188 0.180208 0.075000 0.089583
0 0.483594 0.170833 0.076563 0.100000
2 0.564844 0.168750 0.073438 0.095833
7 0.646875 0.165625 0.075000 0.097917
