0 0.389062 0.191667 0.115625 0.145833
9 0.566406 0.189583 0.114062 0.150000
2 0.734375 0.204167 0.118750 0.150000
3 0.371875 0.413542 0.121875 0.164583
4 0.554688 0.420833 0.125000 0.166667
5 0.725000 0.420833 0.121875 0.175000
6 0.364844 0.647917 0.132812 0.175000
7 0.551562 0.645833 0.125000 0.170833
8 0.721875 0.662500 0.128125 0.170833
5 0.381250 0.044792 0.081250 0.085417
6 0.467969 0.041667 0.073438 0.079167
0 0.559375 0.038542 0.081250 0.072917
2 0.646094 0.036458 0.070312 0.068750
7 0.729688 0.039583 0.075000 0.075000
