0 0.360938 0.229167 0.121875 0.154167
9 0.539844 0.234375 0.114062 0.152083
2 0.707812 0.248958 0.118750 0.152083
3 0.354687 0.452083 0.121875 0.166667
4 0.531250 0.459375 0.125000 0.168750
5 0.696875 0.469792 0.121875 0.177083
6 0.350781 0.675000 0.132812 0.175000
7 0.532813 0.687500 0.125000 0.170833
8 0.690625 0.697917 0.128125 0.170833
5 0.362500 0.061458 0.075000 0.093750
6 0.448437 0.065625 0.075000 0.102083
0 0.535937 0.060417 0.078125 0.100000
2 0.621875 0.060417 0.071875 0.100000
7 0.710938 0.058333 0.078125 0.095833
