0 0.356250 0.245833 0.121875 0.154167
9 0.532031 0.238542 0.114062 0.152083
2 0.695312 0.255208 0.118750 0.152083
3 0.346875 0.468750 0.121875 0.166667
4 0.520312 0.478125 0.125000 0.168750
5 0.692187 0.478125 0.121875 0.177083
6 0.344531 0.697917 0.132812 0.175000
7 0.526563 0.697917 0.125000 0.170833
8 0.687500 0.702083 0.128125 0.170833
5 0.348438 0.078125 0.075000 0.093750
6 0.437500 0.078125 0.075000 0.102083
0 0.531250 0.070833 0.078125 0.100000
2 0.612500 0.068750 0.071875 0.100000
7 0.698438 0.066667 0.078125 0.095833
