0 0.396875 0.317708 0.128125 0.168750
1 0.579688 0.321875 0.125000 0.164583
2 0.750781 0.326042 0.148438 0.172917
3 0.392188 0.546875 0.143750 0.181250
4 0.573438 0.546875 0.137500 0.177083
5 0.749219 0.551042 0.148438 0.181250
6 0.393750 0.782292 0.143750 0.189583
7 0.582031 0.782292 0.135937 0.177083
8 0.753906 0.787500 0.145313 0.187500
5 0.391406 0.154167 0.092188 0.116667
6 0.481250 0.157292 0.084375 0.118750
0 0.571094 0.151042 0.098437 0.114583
2 0.658594 0.145833 0.092188 0.116667
7 0.742188 0.144792 0.087500 0.114583
