0 0.328125 0.327083 0.121875 0.158333
9 0.507031 0.315625 0.114062 0.152083
2 0.670312 0.329167 0.118750 0.154167
3 0.325000 0.553125 0.121875 0.168750
4 0.496875 0.551042 0.125000 0.168750
5 0.673438 0.551042 0.121875 0.177083
6 0.332031 0.762500 0.132812 0.175000
7 0.504687 0.770833 0.125000 0.170833
8 0.668750 0.779167 0.128125 0.170833
5 0.321094 0.162500 0.079687 0.104167
6 0.411719 0.159375 0.076563 0.102083
0 0.496094 0.147917 0.076563 0.108333
2 0.581250 0.143750 0.071875 0.100000
7 0.664062 0.145833 0.078125 0.095833
