0 0.337500 0.339583 0.121875 0.158333
9 0.514844 0.334375 0.114062 0.152083
2 0.675000 0.352083 0.118750 0.154167
3 0.331250 0.557292 0.121875 0.168750
4 0.503125 0.569792 0.125000 0.168750
5 0.673438 0.571875 0.121875 0.177083
6 0.332031 0.779167 0.132812 0.175000
7 0.510938 0.785417 0.125000 0.170833
8 0.665625 0.802083 0.128125 0.170833
5 0.332031 0.170833 0.079687 0.104167
6 0.416406 0.169792 0.076563 0.102083
0 0.503906 0.168750 0.076563 0.108333
2 0.589063 0.166667 0.071875 0.100000
7 0.673438 0.164583 0.078125 0.095833
