0 0.350000 0.350000 0.121875 0.158333
9 0.527344 0.351042 0.114062 0.152083
2 0.684375 0.366667 0.118750 0.154167
3 0.340625 0.573958 0.121875 0.168750
4 0.512500 0.584375 0.125000 0.168750
5 0.679688 0.582292 0.121875 0.177083
6 0.337500 0.797917 0.131250 0.162500
7 0.515625 0.793750 0.125000 0.170833
8 0.668750 0.809375 0.125000 0.156250
5 0.341406 0.187500 0.079687 0.104167
6 0.427344 0.182292 0.076563 0.102083
0 0.514844 0.179167 0.076563 0.108333
2 0.603125 0.181250 0.071875 0.100000
7 0.687500 0.179167 0.078125 0.095833
