0 0.351562 0.358333 0.121875 0.158333
9 0.527344 0.353125 0.114062 0.152083
2 0.690625 0.368750 0.118750 0.154167
3 0.343750 0.578125 0.121875 0.168750
4 0.510938 0.582292 0.125000 0.168750
5 0.684375 0.590625 0.121875 0.177083
6 0.334375 0.797917 0.131250 0.162500
7 0.521875 0.797917 0.125000 0.170833
8 0.678125 0.819792 0.125000 0.156250
5 0.344531 0.200000 0.079687 0.104167
6 0.433594 0.196875 0.076563 0.102083
0 0.522656 0.183333 0.076563 0.108333
2 0.606250 0.183333 0.071875 0.100000
7 0.687500 0.185417 0.078125 0.095833
