0 0.446094 0.314583 0.129688 0.179167
1 0.621875 0.313542 0.137500 0.177083
2 0.796875 0.319792 0.146875 0.177083
3 0.442969 0.539583 0.145313 0.179167
4 0.617188 0.539583 0.137500 0.179167
5 0.800000 0.546875 0.150000 0.189583
6 0.439844 0.777083 0.135937 0.191667
7 0.626563 0.775000 0.137500 0.187500
8 0.799219 0.785417 0.145313 0.191667
5 0.439063 0.145833 0.090625 0.108333
6 0.526563 0.150000 0.084375 0.108333
0 0.618750 0.141667 0.090625 0.116667
2 0.703125 0.138542 0.090625 0.122917
7 0.791406 0.137500 0.095312 0.120833
