0 0.316406 0.300000 0.123438 0.158333
9 0.517969 0.297917 0.126562 0.166667
2 0.696094 0.327083 0.129688 0.166667
3 0.308594 0.551042 0.129688 0.185417
4 0.500000 0.557292 0.125000 0.168750
5 0.685937 0.565625 0.121875 0.177083
6 0.305469 0.791667 0.132812 0.162500
7 0.514062 0.802083 0.125000 0.170833
8 0.685937 0.813542 0.128125 0.172917
5 0.317969 0.118750 0.079687 0.104167
6 0.410156 0.121875 0.076563 0.102083
0 0.510156 0.122917 0.076563 0.108333
2 0.603125 0.113542 0.078125 0.106250
7 0.697656 0.127083 0.079687 0.108333
