0 0.296094 0.284375 0.139063 0.168750
9 0.496875 0.282292 0.137500 0.172917
2 0.683594 0.288542 0.145313 0.185417
3 0.288281 0.542708 0.129688 0.185417
4 0.482812 0.539583 0.131250 0.179167
5 0.683594 0.543750 0.135937 0.187500
6 0.300781 0.789583 0.132812 0.162500
7 0.503125 0.791667 0.125000 0.170833
8 0.681250 0.796875 0.128125 0.172917
5 0.288281 0.104167 0.079687 0.104167
6 0.384375 0.109375 0.081250 0.110417
0 0.482812 0.096875 0.087500 0.110417
2 0.577344 0.084375 0.076563 0.114583
7 0.678125 0.086458 0.078125 0.114583
