0 0.261719 0.281250 0.139063 0.170833
9 0.471875 0.294792 0.137500 0.172917
2 0.664844 0.313542 0.145313 0.185417
3 0.252344 0.541667 0.129688 0.187500
4 0.457813 0.551042 0.131250 0.181250
5 0.655469 0.571875 0.135937 0.189583
6 0.243750 0.796875 0.137500 0.177083
7 0.453125 0.808333 0.137500 0.179167
8 0.644531 0.834375 0.145313 0.177083
5 0.265625 0.091667 0.087500 0.120833
6 0.364844 0.106250 0.092188 0.116667
0 0.469531 0.101042 0.089063 0.122917
2 0.569531 0.100000 0.085938 0.116667
7 0.669531 0.111458 0.085938 0.118750
