0 0.104688 0.294792 0.146875 0.193750
9 0.322656 0.298958 0.139063 0.185417
2 0.517969 0.312500 0.142187 0.179167
3 0.095312 0.557292 0.153125 0.197917
4 0.311719 0.564583 0.139063 0.195833
5 0.514844 0.573958 0.139063 0.193750
6 0.100000 0.835417 0.146875 0.191667
7 0.317969 0.832292 0.145313 0.185417
8 0.510156 0.848958 0.148438 0.177083
5 0.094531 0.100000 0.098437 0.125000
6 0.205469 0.097917 0.098437 0.125000
0 0.320312 0.100000 0.096875 0.129167
2 0.421094 0.103125 0.095312 0.118750
7 0.517188 0.103125 0.090625 0.122917
