0 0.151562 0.344792 0.146875 0.193750
9 0.366406 0.336458 0.139063 0.185417
2 0.552344 0.347917 0.142187 0.179167
3 0.145313 0.603125 0.153125 0.197917
4 0.353906 0.597917 0.139063 0.195833
5 0.560156 0.603125 0.139063 0.193750
6 0.157812 0.877083 0.146875 0.191667
7 0.371094 0.869792 0.145313 0.185417
8 0.563281 0.867708 0.148438 0.177083
5 0.132812 0.145833 0.100000 0.125000
6 0.239844 0.141667 0.098437 0.125000
0 0.346875 0.139583 0.096875 0.129167
2 0.441406 0.132292 0.095312 0.118750
7 0.543750 0.130208 0.090625 0.122917
