0 0.178125 0.342708 0.146875 0.193750
9 0.387500 0.334375 0.140625 0.185417
2 0.571094 0.343750 0.142187 0.179167
3 0.170313 0.611458 0.153125 0.197917
4 0.380469 0.606250 0.139063 0.195833
5 0.580469 0.601042 0.139063 0.193750
6 0.181250 0.877083 0.146875 0.191667
7 0.396875 0.861458 0.146875 0.185417
8 0.580469 0.857292 0.148438 0.177083
5 0.167969 0.150000 0.098437 0.125000
6 0.263281 0.154167 0.098437 0.125000
0 0.368750 0.137500 0.096875 0.129167
2 0.467969 0.134375 0.095312 0.118750
7 0.567187 0.134375 0.090625 0.122917
