0 0.355469 0.319792 0.148438 0.193750
9 0.564063 0.303125 0.140625 0.185417
2 0.758594 0.316667 0.142187 0.179167
3 0.359375 0.578125 0.153125 0.197917
4 0.563281 0.575000 0.139063 0.195833
5 0.764844 0.573958 0.139063 0.193750
6 0.369531 0.837500 0.148438 0.191667
7 0.573438 0.834375 0.146875 0.185417
8 0.764844 0.848958 0.148438 0.177083
5 0.349219 0.137500 0.098437 0.125000
6 0.449219 0.138542 0.089063 0.122917
0 0.550781 0.115625 0.082812 0.122917
2 0.650000 0.110417 0.096875 0.112500
7 0.746875 0.109375 0.096875 0.122917
