0 0.472656 0.292708 0.148438 0.193750
9 0.676562 0.294792 0.140625 0.185417
2 0.867969 0.308333 0.142187 0.179167
3 0.466406 0.559375 0.154688 0.197917
4 0.661719 0.559375 0.139063 0.197917
5 0.866406 0.559375 0.139063 0.193750
6 0.464062 0.804167 0.150000 0.191667
7 0.671875 0.815625 0.146875 0.185417
8 0.864844 0.828125 0.148438 0.177083
5 0.465625 0.114583 0.100000 0.125000
6 0.564844 0.113542 0.089063 0.122917
0 0.667969 0.098958 0.082812 0.122917
2 0.763281 0.100000 0.092188 0.129167
7 0.866406 0.085417 0.095312 0.125000
