0 0.500781 0.265625 0.148438 0.193750
9 0.709375 0.265625 0.140625 0.185417
2 0.897656 0.279167 0.142187 0.179167
3 0.486719 0.521875 0.154688 0.197917
4 0.689844 0.538542 0.139063 0.197917
5 0.896094 0.548958 0.139063 0.193750
6 0.487500 0.777083 0.150000 0.191667
7 0.692187 0.794792 0.146875 0.185417
8 0.883594 0.813542 0.148438 0.177083
5 0.503125 0.078125 0.100000 0.127083
6 0.597656 0.083333 0.089063 0.125000
0 0.700781 0.068750 0.082812 0.125000
2 0.800781 0.065625 0.092188 0.127083
7 0.905469 0.066667 0.095312 0.125000
