5 0.268750 0.105208 0.093750 0.127083
6 0.360938 0.120833 0.093750 0.141667
0 0.451562 0.121875 0.087500 0.127083
2 0.540625 0.133333 0.087500 0.120833
7 0.627344 0.144792 0.085938 0.135417
0 0.257031 0.273958 0.154688 0.197917
1 0.447656 0.301042 0.148438 0.206250
2 0.612500 0.326042 0.137500 0.189583
3 0.235937 0.509375 0.146875 0.193750
4 0.416406 0.525000 0.151562 0.204167
5 0.596875 0.551042 0.146875 0.189583
6 0.217969 0.742708 0.157812 0.189583
7 0.407813 0.763542 0.150000 0.210417
8 0.579688 0.795833 0.150000 0.200000
