0 0.405469 0.298958 0.148438 0.193750
9 0.610938 0.298958 0.140625 0.185417
2 0.794531 0.316667 0.142187 0.179167
3 0.388281 0.557292 0.154688 0.197917
4 0.586719 0.565625 0.139063 0.197917
5 0.788281 0.576042 0.139063 0.193750
6 0.384375 0.804167 0.150000 0.191667
7 0.593750 0.819792 0.146875 0.185417
8 0.782031 0.830208 0.148438 0.177083
5 0.396875 0.113542 0.100000 0.127083
6 0.494531 0.118750 0.089063 0.125000
0 0.603125 0.107292 0.090625 0.118750
2 0.694531 0.101042 0.092188 0.127083
7 0.794531 0.100000 0.095312 0.125000
