0 0.333594 0.294792 0.148438 0.193750
9 0.540625 0.292708 0.140625 0.185417
2 0.721875 0.312500 0.143750 0.179167
3 0.321094 0.540625 0.154688 0.197917
4 0.511719 0.551042 0.139063 0.197917
5 0.713281 0.559375 0.139063 0.193750
6 0.318750 0.797917 0.150000 0.191667
7 0.523438 0.809375 0.146875 0.185417
8 0.711719 0.830208 0.148438 0.177083
5 0.328125 0.105208 0.100000 0.127083
6 0.428906 0.112500 0.089063 0.125000
0 0.528125 0.096875 0.090625 0.118750
2 0.632031 0.096875 0.092188 0.127083
7 0.724219 0.095833 0.095312 0.125000
