0 0.250781 0.307292 0.148438 0.193750
9 0.451562 0.303125 0.140625 0.185417
2 0.640625 0.325000 0.143750 0.179167
3 0.236719 0.559375 0.154688 0.197917
4 0.438281 0.561458 0.139063 0.197917
5 0.635156 0.578125 0.139063 0.193750
6 0.239063 0.816667 0.150000 0.191667
7 0.451562 0.823958 0.146875 0.185417
8 0.633594 0.836458 0.148438 0.177083
5 0.246875 0.123958 0.100000 0.127083
6 0.342969 0.114583 0.089063 0.125000
0 0.440625 0.115625 0.090625 0.118750
2 0.541406 0.117708 0.092188 0.127083
7 0.638281 0.116667 0.095312 0.125000
