0 0.369531 0.338542 0.148438 0.193750
9 0.540625 0.342708 0.140625 0.185417
2 0.712500 0.354167 0.146875 0.200000
3 0.349219 0.554167 0.154688 0.200000
4 0.529687 0.557292 0.140625 0.197917
5 0.705469 0.571875 0.139063 0.193750
6 0.346875 0.779167 0.150000 0.191667
7 0.535937 0.792708 0.146875 0.185417
8 0.702344 0.815625 0.148438 0.177083
5 0.364063 0.163542 0.100000 0.127083
6 0.459375 0.175000 0.090625 0.125000
0 0.543750 0.169792 0.090625 0.118750
2 0.627344 0.167708 0.092188 0.127083
7 0.717969 0.179167 0.095312 0.125000
