0 0.414062 0.326042 0.150000 0.193750
9 0.589063 0.338542 0.140625 0.185417
2 0.754687 0.356250 0.146875 0.200000
3 0.403906 0.546875 0.154688 0.202083
4 0.568750 0.563542 0.140625 0.197917
5 0.742969 0.578125 0.139063 0.193750
6 0.396875 0.772917 0.150000 0.191667
7 0.573438 0.784375 0.146875 0.185417
8 0.735156 0.803125 0.148438 0.177083
5 0.408594 0.167708 0.101562 0.127083
6 0.497656 0.167708 0.095312 0.102083
0 0.587500 0.169792 0.090625 0.114583
2 0.674219 0.170833 0.085938 0.116667
7 0.757812 0.170833 0.084375 0.116667
