5 0.214844 0.131250 0.095312 0.120833
6 0.308594 0.133333 0.082812 0.120833
0 0.401562 0.125000 0.087500 0.108333
2 0.488281 0.129167 0.079687 0.112500
7 0.578906 0.132292 0.089063 0.110417
0 0.220312 0.298958 0.134375 0.172917
1 0.407031 0.307292 0.151562 0.177083
2 0.575781 0.317708 0.135937 0.177083
3 0.216406 0.526042 0.154688 0.202083
4 0.398438 0.539583 0.153125 0.200000
5 0.578906 0.548958 0.151562 0.197917
6 0.204687 0.769792 0.153125 0.189583
7 0.402344 0.773958 0.142187 0.193750
8 0.575781 0.787500 0.148438 0.195833
