0 0.221875 0.235417 0.125000 0.162500
9 0.400000 0.242708 0.131250 0.172917
2 0.552344 0.262500 0.135937 0.187500
3 0.205469 0.466667 0.129688 0.170833
4 0.378906 0.469792 0.123438 0.177083
5 0.546875 0.489583 0.131250 0.170833
6 0.199219 0.687500 0.126562 0.170833
7 0.384375 0.689583 0.121875 0.166667
8 0.537500 0.704167 0.115625 0.170833
5 0.213281 0.067708 0.082812 0.114583
6 0.301563 0.077083 0.078125 0.112500
0 0.394531 0.075000 0.076563 0.108333
2 0.478125 0.080208 0.078125 0.102083
7 0.560156 0.087500 0.076563 0.108333
