0 0.204687 0.298958 0.125000 0.164583
9 0.387500 0.305208 0.131250 0.172917
2 0.542969 0.320833 0.135937 0.187500
3 0.197656 0.525000 0.129688 0.170833
4 0.366406 0.532292 0.123438 0.177083
5 0.543750 0.550000 0.131250 0.170833
6 0.186719 0.747917 0.126562 0.170833
7 0.372656 0.754167 0.123438 0.166667
8 0.534375 0.760417 0.115625 0.170833
5 0.199219 0.132292 0.082812 0.114583
6 0.287500 0.138542 0.078125 0.114583
0 0.380469 0.137500 0.076563 0.108333
2 0.464062 0.140625 0.078125 0.102083
7 0.549219 0.147917 0.076563 0.108333
