0 0.242188 0.371875 0.125000 0.164583
9 0.407031 0.371875 0.132812 0.172917
2 0.582031 0.387500 0.135937 0.187500
3 0.235156 0.589583 0.129688 0.170833
4 0.411719 0.603125 0.123438 0.177083
5 0.575000 0.610417 0.131250 0.170833
6 0.239844 0.820833 0.126562 0.170833
7 0.419531 0.820833 0.123438 0.166667
8 0.581250 0.831250 0.115625 0.170833
5 0.239844 0.209375 0.082812 0.114583
6 0.326562 0.201042 0.078125 0.114583
0 0.417187 0.204167 0.078125 0.108333
2 0.500000 0.211458 0.078125 0.102083
7 0.582031 0.210417 0.076563 0.108333
