0 0.405469 0.405208 0.126562 0.164583
9 0.575781 0.382292 0.132812 0.172917
2 0.739844 0.406250 0.135937 0.187500
3 0.391406 0.608333 0.129688 0.170833
4 0.558594 0.623958 0.123438 0.177083
5 0.732812 0.622917 0.131250 0.170833
6 0.396094 0.843750 0.126562 0.170833
7 0.573438 0.835417 0.125000 0.166667
8 0.728125 0.850000 0.128125 0.170833
5 0.393750 0.240625 0.084375 0.114583
6 0.480469 0.238542 0.079687 0.114583
0 0.568750 0.231250 0.078125 0.108333
2 0.646875 0.228125 0.078125 0.102083
7 0.736719 0.227083 0.076563 0.108333
