0 0.424219 0.380208 0.126562 0.164583
9 0.599219 0.371875 0.132812 0.172917
2 0.760156 0.404167 0.135937 0.187500
3 0.419531 0.606250 0.129688 0.170833
4 0.588281 0.609375 0.123438 0.177083
5 0.759375 0.614583 0.131250 0.170833
6 0.414062 0.831250 0.128125 0.170833
7 0.598437 0.829167 0.125000 0.166667
8 0.753125 0.847917 0.128125 0.170833
5 0.421875 0.228125 0.084375 0.114583
6 0.505469 0.228125 0.079687 0.114583
0 0.592187 0.218750 0.078125 0.108333
2 0.675000 0.211458 0.078125 0.102083
7 0.755469 0.214583 0.076563 0.108333
