0 0.458594 0.396875 0.126562 0.164583
9 0.635156 0.392708 0.132812 0.172917
2 0.796094 0.406250 0.135937 0.187500
3 0.453906 0.606250 0.129688 0.170833
4 0.632031 0.619792 0.123438 0.177083
5 0.795312 0.629167 0.131250 0.170833
6 0.450000 0.833333 0.128125 0.170833
7 0.629687 0.847917 0.125000 0.166667
8 0.798438 0.854167 0.128125 0.170833
5 0.454688 0.235417 0.084375 0.116667
6 0.541406 0.240625 0.079687 0.114583
0 0.629687 0.227083 0.078125 0.108333
2 0.712500 0.228125 0.078125 0.102083
7 0.792969 0.226042 0.076563 0.110417
