0 0.508594 0.386458 0.126562 0.164583
9 0.691406 0.382292 0.132812 0.172917
2 0.850781 0.400000 0.135937 0.187500
3 0.500781 0.602083 0.129688 0.170833
4 0.671094 0.611458 0.123438 0.177083
5 0.848437 0.618750 0.131250 0.170833
6 0.496875 0.831250 0.128125 0.170833
7 0.684375 0.837500 0.125000 0.166667
8 0.853125 0.854167 0.128125 0.170833
5 0.507812 0.229167 0.084375 0.116667
6 0.589844 0.226042 0.079687 0.114583
0 0.675000 0.216667 0.078125 0.108333
2 0.759375 0.209375 0.078125 0.102083
7 0.855469 0.215625 0.076563 0.110417
