5 0.521094 0.229167 0.085938 0.116667
6 0.617188 0.222917 0.081250 0.104167
0 0.703125 0.215625 0.090625 0.114583
2 0.792969 0.206250 0.089063 0.112500
7 0.878906 0.210417 0.089063 0.120833
0 0.534375 0.379167 0.121875 0.162500
9 0.717187 0.381250 0.128125 0.170833
2 0.875781 0.390625 0.129688 0.164583
3 0.529687 0.597917 0.121875 0.166667
4 0.704688 0.606250 0.125000 0.170833
5 0.878906 0.616667 0.129688 0.175000
6 0.533594 0.823958 0.123438 0.177083
7 0.709375 0.834375 0.125000 0.172917
8 0.869531 0.851042 0.139063 0.177083
