5 0.538281 0.220833 0.085938 0.116667
6 0.623437 0.206250 0.081250 0.104167
0 0.712500 0.205208 0.090625 0.114583
2 0.800781 0.197917 0.089063 0.112500
7 0.888281 0.195833 0.089063 0.120833
0 0.551562 0.366667 0.121875 0.162500
9 0.723437 0.368750 0.128125 0.170833
2 0.888281 0.376042 0.129688 0.164583
3 0.540625 0.589583 0.121875 0.166667
4 0.707812 0.595833 0.125000 0.170833
5 0.888281 0.604167 0.129688 0.175000
6 0.533594 0.805208 0.123438 0.177083
7 0.715625 0.815625 0.125000 0.172917
8 0.878906 0.834375 0.139063 0.177083
