5 0.271094 0.104167 0.085938 0.116667
6 0.354687 0.104167 0.081250 0.104167
0 0.446875 0.108333 0.090625 0.116667
2 0.532031 0.104167 0.089063 0.116667
7 0.621094 0.108333 0.089063 0.120833
0 0.273438 0.266667 0.121875 0.162500
9 0.451562 0.272917 0.128125 0.170833
2 0.613281 0.286458 0.129688 0.164583
3 0.264062 0.495833 0.121875 0.166667
4 0.435937 0.497917 0.125000 0.170833
5 0.613281 0.514583 0.129688 0.175000
6 0.261719 0.719792 0.123438 0.177083
7 0.437500 0.719792 0.125000 0.172917
8 0.600781 0.734375 0.139063 0.177083
