5 0.302344 0.277083 0.085938 0.116667
6 0.387500 0.276042 0.084375 0.122917
0 0.478125 0.265625 0.084375 0.110417
2 0.560937 0.266667 0.081250 0.116667
7 0.643750 0.266667 0.087500 0.108333
0 0.306250 0.435417 0.121875 0.162500
9 0.489063 0.435417 0.128125 0.170833
2 0.653906 0.440625 0.129688 0.164583
3 0.302344 0.662500 0.123438 0.170833
4 0.481250 0.660417 0.128125 0.170833
5 0.647656 0.664583 0.129688 0.175000
6 0.302344 0.888542 0.132812 0.181250
7 0.487500 0.890625 0.125000 0.172917
8 0.649219 0.898958 0.139063 0.177083
