5 0.292969 0.133333 0.085938 0.116667
6 0.381250 0.140625 0.084375 0.122917
0 0.468750 0.128125 0.084375 0.110417
2 0.554688 0.120833 0.081250 0.116667
7 0.637500 0.125000 0.087500 0.108333
0 0.295312 0.289583 0.121875 0.162500
9 0.475000 0.295833 0.128125 0.170833
2 0.638281 0.305208 0.129688 0.164583
3 0.289844 0.520833 0.123438 0.170833
4 0.468750 0.525000 0.128125 0.170833
5 0.636719 0.529167 0.129688 0.175000
6 0.289844 0.746875 0.132812 0.181250
7 0.471875 0.751042 0.125000 0.172917
8 0.635156 0.761458 0.139063 0.177083
