5 0.325000 0.182292 0.106250 0.127083
6 0.421094 0.182292 0.089063 0.135417
0 0.509375 0.169792 0.096875 0.131250
2 0.600000 0.166667 0.087500 0.120833
7 0.688281 0.162500 0.104688 0.112500
0 0.344531 0.347917 0.145313 0.179167
1 0.516406 0.344792 0.145313 0.172917
2 0.692187 0.345833 0.140625 0.170833
3 0.336719 0.577083 0.145313 0.187500
4 0.516406 0.576042 0.135937 0.189583
5 0.699219 0.576042 0.145313 0.185417
6 0.343750 0.819792 0.143750 0.189583
7 0.533594 0.810417 0.142187 0.183333
8 0.702344 0.826042 0.160938 0.214583
