5 0.391406 0.158333 0.085938 0.116667
6 0.478125 0.150000 0.084375 0.125000
0 0.567187 0.140625 0.084375 0.110417
2 0.651563 0.144792 0.081250 0.118750
7 0.742188 0.147917 0.087500 0.108333
0 0.403125 0.318750 0.121875 0.162500
9 0.573438 0.316667 0.128125 0.170833
2 0.741406 0.334375 0.129688 0.164583
3 0.394531 0.539583 0.123438 0.170833
4 0.565625 0.552083 0.128125 0.170833
5 0.741406 0.556250 0.129688 0.175000
6 0.397656 0.778125 0.132812 0.181250
7 0.576562 0.776042 0.125000 0.172917
8 0.728906 0.788542 0.139063 0.177083
