5 0.313281 0.193750 0.085938 0.116667
6 0.396875 0.200000 0.084375 0.125000
0 0.489063 0.192708 0.084375 0.110417
2 0.573438 0.194792 0.081250 0.118750
7 0.660937 0.195833 0.087500 0.108333
0 0.315625 0.358333 0.121875 0.162500
9 0.498437 0.362500 0.128125 0.170833
2 0.660156 0.373958 0.129688 0.164583
3 0.308594 0.587500 0.123438 0.170833
4 0.481250 0.587500 0.128125 0.170833
5 0.657031 0.597917 0.129688 0.175000
6 0.303906 0.811458 0.132812 0.181250
7 0.490625 0.817708 0.125000 0.172917
8 0.647656 0.823958 0.139063 0.177083
