5 0.286719 0.183333 0.085938 0.116667
6 0.371875 0.183333 0.084375 0.125000
0 0.462500 0.178125 0.084375 0.110417
2 0.550000 0.173958 0.081250 0.118750
7 0.635938 0.179167 0.087500 0.108333
0 0.290625 0.341667 0.121875 0.162500
9 0.471875 0.350000 0.128125 0.170833
2 0.636719 0.359375 0.129688 0.164583
3 0.283594 0.570833 0.123438 0.170833
4 0.459375 0.572917 0.128125 0.170833
5 0.627344 0.579167 0.129688 0.175000
6 0.278906 0.798958 0.132812 0.181250
7 0.462500 0.805208 0.125000 0.172917
8 0.630469 0.815625 0.139063 0.177083
