5 0.272656 0.166667 0.085938 0.116667
6 0.356250 0.170833 0.084375 0.125000
0 0.451562 0.161458 0.084375 0.110417
2 0.535937 0.167708 0.081250 0.118750
7 0.617188 0.160417 0.087500 0.108333
0 0.273438 0.327083 0.121875 0.162500
9 0.457813 0.329167 0.128125 0.170833
2 0.625781 0.344792 0.129688 0.164583
3 0.264844 0.554167 0.123438 0.170833
4 0.445312 0.562500 0.128125 0.170833
5 0.617969 0.562500 0.129688 0.175000
6 0.264844 0.776042 0.132812 0.181250
7 0.443750 0.788542 0.125000 0.172917
8 0.611719 0.803125 0.139063 0.177083
