5 0.246094 0.122917 0.085938 0.116667
6 0.329688 0.131250 0.084375 0.125000
0 0.428125 0.119792 0.084375 0.110417
2 0.510938 0.121875 0.081250 0.118750
7 0.600000 0.118750 0.087500 0.108333
0 0.246875 0.285417 0.121875 0.162500
9 0.431250 0.300000 0.128125 0.170833
2 0.594531 0.305208 0.129688 0.164583
3 0.242969 0.514583 0.123438 0.170833
4 0.415625 0.520833 0.128125 0.170833
5 0.591406 0.527083 0.129688 0.175000
6 0.239844 0.751042 0.132812 0.181250
7 0.421875 0.751042 0.125000 0.172917
8 0.588281 0.765625 0.139063 0.177083
