5 0.264844 0.109375 0.085938 0.118750
6 0.348438 0.116667 0.084375 0.125000
0 0.437500 0.109375 0.084375 0.110417
2 0.528125 0.111458 0.081250 0.118750
7 0.612500 0.111458 0.087500 0.110417
0 0.265625 0.272917 0.121875 0.162500
9 0.450000 0.279167 0.128125 0.170833
2 0.613281 0.301042 0.129688 0.164583
3 0.258594 0.510417 0.123438 0.170833
4 0.434375 0.512500 0.128125 0.170833
5 0.607031 0.525000 0.129688 0.175000
6 0.252344 0.726042 0.132812 0.181250
7 0.437500 0.740625 0.125000 0.172917
8 0.600781 0.753125 0.139063 0.177083
