5 0.385937 0.186458 0.093750 0.122917
6 0.476562 0.188542 0.100000 0.139583
0 0.564063 0.166667 0.096875 0.129167
2 0.655469 0.165625 0.089063 0.127083
7 0.741406 0.157292 0.092188 0.118750
0 0.398438 0.347917 0.131250 0.179167
1 0.573438 0.352083 0.168750 0.195833
2 0.752344 0.345833 0.148438 0.179167
3 0.396875 0.583333 0.159375 0.195833
4 0.575000 0.572917 0.150000 0.183333
5 0.758594 0.572917 0.148438 0.187500
6 0.396094 0.813542 0.167187 0.189583
7 0.586719 0.812500 0.160938 0.195833
8 0.767969 0.825000 0.157812 0.195833
