5 0.286719 0.104167 0.085938 0.120833
6 0.377344 0.105208 0.079687 0.106250
0 0.464062 0.102083 0.084375 0.112500
2 0.551562 0.103125 0.081250 0.118750
7 0.640625 0.102083 0.087500 0.112500
0 0.286719 0.275000 0.126562 0.162500
9 0.471875 0.275000 0.128125 0.170833
2 0.636719 0.294792 0.129688 0.164583
3 0.278906 0.502083 0.123438 0.170833
4 0.459375 0.506250 0.128125 0.170833
5 0.628906 0.518750 0.129688 0.175000
6 0.278906 0.736458 0.132812 0.181250
7 0.457813 0.734375 0.125000 0.172917
8 0.625781 0.753125 0.139063 0.177083
