0 0.309375 0.309375 0.128125 0.156250
1 0.485156 0.315625 0.142187 0.168750
2 0.659375 0.331250 0.143750 0.179167
3 0.296875 0.529167 0.140625 0.191667
4 0.476562 0.541667 0.150000 0.195833
5 0.644531 0.548958 0.145313 0.189583
6 0.284375 0.761458 0.137500 0.193750
7 0.476562 0.766667 0.140625 0.187500
8 0.639844 0.780208 0.142187 0.181250
5 0.309375 0.150000 0.084375 0.112500
6 0.397656 0.154167 0.085938 0.125000
0 0.489844 0.152083 0.085938 0.116667
2 0.570312 0.148958 0.081250 0.110417
7 0.653906 0.152083 0.085938 0.116667
