0 0.304688 0.283333 0.137500 0.175000
1 0.485156 0.302083 0.145313 0.170833
2 0.651563 0.327083 0.150000 0.183333
3 0.292187 0.513542 0.137500 0.185417
4 0.471094 0.525000 0.132812 0.191667
5 0.642969 0.529167 0.135937 0.179167
6 0.284375 0.745833 0.140625 0.183333
7 0.472656 0.755208 0.139063 0.185417
8 0.642969 0.773958 0.151562 0.185417
5 0.303906 0.130208 0.095312 0.122917
6 0.392969 0.140625 0.079687 0.118750
0 0.483594 0.136458 0.079687 0.106250
2 0.565625 0.139583 0.084375 0.116667
7 0.654687 0.139583 0.084375 0.112500
