0 0.361719 0.275000 0.148438 0.179167
1 0.534375 0.300000 0.156250 0.195833
2 0.706250 0.327083 0.140625 0.183333
3 0.341406 0.501042 0.142187 0.189583
4 0.517188 0.531250 0.140625 0.208333
5 0.693750 0.554167 0.140625 0.195833
6 0.322656 0.731250 0.148438 0.200000
7 0.505469 0.763542 0.145313 0.197917
8 0.675000 0.789583 0.153125 0.200000
5 0.366406 0.115625 0.095312 0.131250
6 0.453906 0.121875 0.085938 0.127083
0 0.542969 0.128125 0.089063 0.118750
2 0.630469 0.135417 0.082812 0.125000
7 0.716406 0.147917 0.085938 0.129167
