0 0.410156 0.314583 0.139063 0.183333
1 0.582031 0.337500 0.145313 0.183333
2 0.753906 0.366667 0.145313 0.179167
3 0.382031 0.534375 0.139063 0.202083
4 0.563281 0.571875 0.151562 0.206250
5 0.737500 0.596875 0.156250 0.222917
6 0.361719 0.768750 0.151562 0.208333
7 0.550000 0.801042 0.159375 0.202083
8 0.721875 0.825000 0.146875 0.195833
5 0.421094 0.157292 0.098437 0.131250
6 0.505469 0.162500 0.082812 0.133333
0 0.596094 0.168750 0.085938 0.116667
2 0.678906 0.181250 0.082812 0.125000
7 0.770312 0.187500 0.087500 0.120833
