0 0.382031 0.256250 0.135937 0.175000
1 0.559375 0.265625 0.140625 0.156250
2 0.729688 0.268750 0.146875 0.166667
3 0.377344 0.493750 0.145313 0.183333
4 0.560937 0.493750 0.137500 0.179167
5 0.735938 0.503125 0.131250 0.181250
6 0.378125 0.731250 0.140625 0.212500
7 0.566406 0.731250 0.129688 0.183333
8 0.733594 0.742708 0.142187 0.189583
5 0.375000 0.094792 0.093750 0.118750
6 0.466406 0.097917 0.082812 0.116667
0 0.558594 0.090625 0.089063 0.114583
2 0.645312 0.087500 0.087500 0.112500
7 0.731250 0.085417 0.093750 0.120833
