0 0.450781 0.309375 0.129688 0.185417
1 0.625781 0.309375 0.135937 0.172917
2 0.798438 0.314583 0.140625 0.183333
3 0.444531 0.534375 0.132812 0.181250
4 0.625000 0.543750 0.146875 0.195833
5 0.803906 0.543750 0.160938 0.191667
6 0.440625 0.768750 0.137500 0.195833
7 0.632812 0.773958 0.143750 0.185417
8 0.807031 0.788542 0.157812 0.202083
5 0.446094 0.150000 0.089063 0.112500
6 0.532031 0.151042 0.082812 0.110417
0 0.621875 0.138542 0.093750 0.110417
2 0.709375 0.135417 0.084375 0.104167
7 0.798438 0.132292 0.096875 0.114583
