5 0.320312 0.118750 0.084375 0.116667
6 0.410938 0.131250 0.084375 0.112500
0 0.500000 0.129167 0.090625 0.120833
2 0.587500 0.138542 0.078125 0.118750
7 0.674219 0.148958 0.092188 0.122917
0 0.319531 0.282292 0.142187 0.177083
1 0.493750 0.307292 0.137500 0.185417
2 0.665625 0.337500 0.146875 0.187500
3 0.296094 0.520833 0.151562 0.191667
4 0.473438 0.536458 0.146875 0.197917
5 0.651563 0.553125 0.143750 0.185417
6 0.274219 0.756250 0.151562 0.191667
7 0.467969 0.769792 0.151562 0.189583
8 0.643750 0.796875 0.146875 0.189583
