5 0.192188 0.175000 0.096875 0.125000
6 0.290625 0.184375 0.090625 0.122917
0 0.382031 0.180208 0.089063 0.110417
2 0.469531 0.178125 0.089063 0.127083
7 0.556250 0.182292 0.090625 0.110417
0 0.203906 0.340625 0.129688 0.177083
1 0.383594 0.348958 0.139063 0.177083
2 0.560937 0.365625 0.140625 0.177083
3 0.189844 0.579167 0.148438 0.183333
4 0.375000 0.575000 0.143750 0.204167
5 0.554688 0.590625 0.143750 0.185417
6 0.184375 0.814583 0.146875 0.191667
7 0.382812 0.826042 0.150000 0.202083
8 0.554688 0.829167 0.140625 0.204167
