5 0.475781 0.154167 0.089063 0.125000
6 0.562500 0.154167 0.087500 0.125000
0 0.653125 0.138542 0.103125 0.135417
2 0.747656 0.137500 0.089063 0.125000
7 0.833594 0.133333 0.101562 0.145833
0 0.485156 0.312500 0.142187 0.179167
1 0.663281 0.319792 0.154688 0.189583
2 0.839063 0.315625 0.150000 0.185417
3 0.478125 0.551042 0.137500 0.193750
4 0.660937 0.546875 0.143750 0.181250
5 0.842187 0.552083 0.143750 0.204167
6 0.476562 0.785417 0.153125 0.195833
7 0.664062 0.784375 0.150000 0.189583
8 0.837500 0.795833 0.162500 0.200000
