5 0.493750 0.155208 0.084375 0.110417
6 0.578906 0.150000 0.085938 0.108333
0 0.671094 0.140625 0.095312 0.114583
2 0.757812 0.131250 0.084375 0.100000
7 0.852344 0.131250 0.095312 0.125000
0 0.499219 0.315625 0.132812 0.164583
1 0.674219 0.317708 0.142187 0.177083
2 0.857812 0.323958 0.150000 0.189583
3 0.492969 0.545833 0.135937 0.175000
4 0.672656 0.543750 0.139063 0.179167
5 0.857812 0.556250 0.159375 0.204167
6 0.488281 0.784375 0.142187 0.193750
7 0.683594 0.786458 0.148438 0.193750
8 0.856250 0.800000 0.146875 0.187500
