5 0.471094 0.079167 0.089063 0.129167
6 0.560937 0.072917 0.084375 0.116667
0 0.652344 0.070833 0.092188 0.112500
2 0.744531 0.066667 0.082812 0.116667
7 0.834375 0.067708 0.090625 0.118750
0 0.475000 0.239583 0.137500 0.170833
1 0.656250 0.248958 0.143750 0.185417
2 0.829688 0.257292 0.150000 0.181250
3 0.461719 0.475000 0.145313 0.191667
4 0.645312 0.483333 0.143750 0.191667
5 0.824219 0.491667 0.157812 0.200000
6 0.452344 0.710417 0.142187 0.191667
7 0.642188 0.718750 0.150000 0.191667
8 0.813281 0.735417 0.148438 0.183333
