5 0.367188 0.076042 0.096875 0.118750
6 0.453125 0.083333 0.087500 0.116667
0 0.546875 0.081250 0.093750 0.116667
2 0.635938 0.086458 0.081250 0.127083
7 0.722656 0.085417 0.085938 0.129167
0 0.362500 0.237500 0.146875 0.183333
1 0.544531 0.262500 0.145313 0.183333
2 0.716406 0.273958 0.151562 0.172917
3 0.346094 0.475000 0.148438 0.195833
4 0.521875 0.489583 0.150000 0.191667
5 0.703125 0.500000 0.156250 0.208333
6 0.326562 0.708333 0.153125 0.208333
7 0.525781 0.720833 0.151562 0.195833
8 0.689063 0.743750 0.137500 0.187500
