5 0.192188 0.064583 0.090625 0.120833
6 0.278125 0.075000 0.106250 0.112500
0 0.380469 0.073958 0.089063 0.114583
2 0.467187 0.073958 0.087500 0.131250
7 0.557813 0.087500 0.087500 0.125000
0 0.185156 0.231250 0.139063 0.183333
1 0.372656 0.245833 0.139063 0.195833
2 0.557031 0.271875 0.145313 0.185417
3 0.172656 0.477083 0.145313 0.204167
4 0.361719 0.489583 0.160938 0.216667
5 0.545312 0.510417 0.146875 0.191667
6 0.159375 0.717708 0.162500 0.202083
7 0.357812 0.729167 0.159375 0.212500
8 0.533594 0.748958 0.148438 0.189583
