5 0.175000 0.067708 0.103125 0.127083
6 0.268750 0.066667 0.087500 0.125000
0 0.360938 0.071875 0.096875 0.114583
2 0.460156 0.081250 0.098437 0.145833
7 0.546875 0.091667 0.081250 0.116667
0 0.175000 0.232292 0.156250 0.189583
1 0.363281 0.246875 0.151562 0.197917
2 0.542188 0.276042 0.137500 0.177083
3 0.159375 0.473958 0.143750 0.185417
4 0.351562 0.486458 0.143750 0.193750
5 0.532031 0.503125 0.145313 0.193750
6 0.151562 0.720833 0.159375 0.208333
7 0.350000 0.732292 0.156250 0.197917
8 0.521094 0.751042 0.151562 0.189583
