5 0.174219 0.078125 0.104688 0.143750
6 0.272656 0.088542 0.098437 0.143750
0 0.363281 0.084375 0.089063 0.118750
2 0.458594 0.085417 0.085938 0.125000
7 0.550000 0.100000 0.093750 0.125000
0 0.179688 0.243750 0.134375 0.191667
1 0.364063 0.265625 0.131250 0.197917
2 0.541406 0.296875 0.151562 0.193750
3 0.161719 0.481250 0.148438 0.195833
4 0.348438 0.502083 0.150000 0.187500
5 0.532031 0.516667 0.145313 0.187500
6 0.157031 0.733333 0.170313 0.220833
7 0.360938 0.738542 0.140625 0.193750
8 0.523438 0.763542 0.156250 0.193750
