5 0.321094 0.123958 0.089063 0.143750
6 0.411719 0.116667 0.085938 0.120833
0 0.503125 0.111458 0.090625 0.118750
2 0.597656 0.115625 0.092188 0.118750
7 0.683594 0.113542 0.098437 0.122917
0 0.323437 0.288542 0.134375 0.177083
1 0.507812 0.286458 0.131250 0.172917
2 0.683594 0.302083 0.142187 0.179167
3 0.317188 0.521875 0.137500 0.189583
4 0.500000 0.532292 0.153125 0.206250
5 0.685937 0.532292 0.143750 0.193750
6 0.314844 0.757292 0.142187 0.197917
7 0.507812 0.764583 0.140625 0.183333
8 0.679688 0.776042 0.150000 0.181250
