5 0.324219 0.104167 0.089063 0.116667
6 0.415625 0.111458 0.090625 0.118750
0 0.507812 0.102083 0.093750 0.120833
2 0.598437 0.106250 0.084375 0.137500
7 0.688281 0.103125 0.098437 0.114583
0 0.331250 0.280208 0.140625 0.177083
1 0.515625 0.286458 0.137500 0.181250
2 0.692187 0.290625 0.159375 0.185417
3 0.324219 0.515625 0.132812 0.189583
4 0.505469 0.521875 0.135937 0.181250
5 0.692187 0.520833 0.140625 0.183333
6 0.323437 0.754167 0.153125 0.191667
7 0.518750 0.759375 0.143750 0.181250
8 0.689844 0.765625 0.145313 0.181250
