5 0.329688 0.106250 0.100000 0.112500
6 0.416406 0.105208 0.082812 0.122917
0 0.509375 0.096875 0.087500 0.127083
2 0.602344 0.098958 0.082812 0.118750
7 0.688281 0.097917 0.089063 0.116667
0 0.331250 0.272917 0.131250 0.175000
1 0.514844 0.273958 0.139063 0.177083
2 0.689063 0.289583 0.137500 0.187500
3 0.327344 0.513542 0.139063 0.185417
4 0.507812 0.517708 0.153125 0.193750
5 0.689844 0.510417 0.139063 0.183333
6 0.323437 0.751042 0.140625 0.193750
7 0.514844 0.751042 0.142187 0.185417
8 0.692187 0.763542 0.150000 0.189583
