5 0.447656 0.080208 0.089063 0.118750
6 0.536719 0.086458 0.089063 0.118750
0 0.628125 0.077083 0.093750 0.112500
2 0.721875 0.078125 0.090625 0.127083
7 0.809375 0.079167 0.090625 0.125000
0 0.446875 0.238542 0.134375 0.177083
1 0.625781 0.251042 0.139063 0.189583
2 0.803906 0.275000 0.160938 0.191667
3 0.430469 0.484375 0.139063 0.193750
4 0.619531 0.495833 0.139063 0.212500
5 0.796094 0.503125 0.148438 0.197917
6 0.425781 0.713542 0.142187 0.197917
7 0.615625 0.731250 0.146875 0.204167
8 0.784375 0.752083 0.159375 0.208333
