0 0.327344 0.321875 0.120313 0.156250
1 0.503125 0.336458 0.118750 0.152083
2 0.677344 0.355208 0.126562 0.152083
3 0.308594 0.548958 0.126562 0.168750
4 0.489063 0.558333 0.125000 0.158333
5 0.672656 0.580208 0.120313 0.164583
6 0.292187 0.790625 0.125000 0.168750
7 0.489844 0.806250 0.126562 0.179167
8 0.660937 0.826042 0.137500 0.168750
5 0.332031 0.165625 0.082812 0.102083
6 0.417187 0.167708 0.078125 0.097917
0 0.508594 0.173958 0.070312 0.093750
2 0.593750 0.173958 0.078125 0.102083
7 0.677344 0.181250 0.079687 0.104167
