0 0.311719 0.353125 0.120313 0.156250
1 0.490625 0.367708 0.118750 0.152083
2 0.660156 0.384375 0.126562 0.152083
3 0.288281 0.589583 0.126562 0.170833
4 0.482031 0.593750 0.132812 0.162500
5 0.659375 0.609375 0.128125 0.172917
6 0.282031 0.820833 0.123438 0.170833
7 0.478125 0.834375 0.118750 0.160417
8 0.650000 0.861458 0.137500 0.168750
5 0.314844 0.200000 0.073438 0.095833
6 0.403125 0.209375 0.078125 0.097917
0 0.495312 0.208333 0.084375 0.108333
2 0.576562 0.207292 0.078125 0.102083
7 0.658594 0.218750 0.079687 0.104167
