0 0.294531 0.321875 0.120313 0.156250
1 0.478125 0.332292 0.118750 0.152083
2 0.647656 0.348958 0.126562 0.152083
3 0.277344 0.545833 0.126562 0.170833
4 0.467969 0.556250 0.132812 0.162500
5 0.643750 0.571875 0.128125 0.172917
6 0.264844 0.787500 0.123438 0.170833
7 0.461719 0.793750 0.123438 0.166667
8 0.634375 0.809375 0.137500 0.168750
5 0.297656 0.164583 0.073438 0.095833
6 0.389062 0.169792 0.078125 0.097917
0 0.474219 0.170833 0.073438 0.095833
2 0.562500 0.173958 0.078125 0.102083
7 0.646094 0.177083 0.079687 0.104167
