0 0.296094 0.273958 0.120313 0.156250
1 0.473438 0.286458 0.118750 0.152083
2 0.650781 0.309375 0.126562 0.152083
3 0.282031 0.504167 0.126562 0.170833
4 0.466406 0.512500 0.132812 0.162500
5 0.642188 0.523958 0.128125 0.172917
6 0.274219 0.737500 0.123438 0.170833
7 0.467969 0.743750 0.123438 0.166667
8 0.637500 0.757292 0.137500 0.168750
5 0.296094 0.110417 0.073438 0.095833
6 0.385937 0.119792 0.078125 0.097917
0 0.472656 0.120833 0.073438 0.095833
2 0.560937 0.119792 0.078125 0.102083
7 0.644531 0.122917 0.079687 0.104167
