0 0.308594 0.230208 0.120313 0.156250
1 0.485938 0.251042 0.118750 0.152083
2 0.661719 0.271875 0.126562 0.152083
3 0.294531 0.472917 0.126562 0.170833
4 0.478906 0.485417 0.132812 0.162500
5 0.659375 0.498958 0.128125 0.172917
6 0.283594 0.716667 0.123438 0.170833
7 0.480469 0.718750 0.123438 0.166667
8 0.651563 0.734375 0.137500 0.168750
5 0.305469 0.083333 0.073438 0.095833
6 0.401562 0.089583 0.078125 0.100000
0 0.488281 0.087500 0.073438 0.095833
2 0.573438 0.089583 0.078125 0.104167
7 0.661719 0.089583 0.079687 0.104167
