0 0.297656 0.307292 0.120313 0.156250
1 0.476562 0.317708 0.118750 0.152083
2 0.649219 0.336458 0.126562 0.152083
3 0.286719 0.539583 0.126562 0.170833
4 0.466406 0.546875 0.126562 0.156250
5 0.648438 0.559375 0.128125 0.172917
6 0.269531 0.779167 0.123438 0.170833
7 0.467969 0.783333 0.123438 0.166667
8 0.640625 0.809375 0.137500 0.168750
5 0.299219 0.145833 0.073438 0.095833
6 0.389062 0.152083 0.078125 0.100000
0 0.475781 0.150000 0.073438 0.095833
2 0.562500 0.158333 0.078125 0.104167
7 0.647656 0.158333 0.079687 0.104167
