0 0.280469 0.344792 0.120313 0.156250
1 0.454688 0.346875 0.118750 0.152083
2 0.625781 0.367708 0.126562 0.152083
3 0.260156 0.566667 0.126562 0.170833
4 0.444531 0.576042 0.126562 0.156250
5 0.628125 0.588542 0.128125 0.172917
6 0.250781 0.812500 0.123438 0.170833
7 0.446094 0.814583 0.123438 0.166667
8 0.617188 0.832292 0.137500 0.168750
5 0.278906 0.177083 0.073438 0.095833
6 0.367188 0.179167 0.078125 0.100000
0 0.455469 0.181250 0.073438 0.095833
2 0.540625 0.189583 0.078125 0.104167
7 0.625781 0.191667 0.079687 0.104167
