5 0.287500 0.075000 0.090625 0.120833
6 0.384375 0.085417 0.093750 0.125000
0 0.473438 0.084375 0.084375 0.127083
2 0.562500 0.080208 0.081250 0.127083
7 0.653125 0.090625 0.090625 0.131250
0 0.284375 0.243750 0.140625 0.179167
1 0.476562 0.260417 0.143750 0.191667
2 0.649219 0.284375 0.145313 0.193750
3 0.275000 0.483333 0.140625 0.191667
4 0.459375 0.502083 0.156250 0.200000
5 0.636719 0.510417 0.142187 0.200000
6 0.265625 0.725000 0.150000 0.204167
7 0.460938 0.737500 0.143750 0.195833
8 0.624219 0.751042 0.135937 0.172917
