0 0.203906 0.386458 0.120313 0.156250
1 0.381250 0.390625 0.118750 0.152083
2 0.558594 0.407292 0.126562 0.152083
3 0.186719 0.612500 0.126562 0.170833
4 0.374219 0.619792 0.126562 0.156250
5 0.556250 0.626042 0.128125 0.172917
6 0.172656 0.860417 0.123438 0.170833
7 0.375781 0.862500 0.123438 0.166667
8 0.546875 0.873958 0.128125 0.177083
5 0.207031 0.222917 0.073438 0.095833
6 0.304688 0.225000 0.078125 0.100000
0 0.389844 0.228125 0.079687 0.097917
2 0.475000 0.229167 0.078125 0.104167
7 0.557031 0.237500 0.079687 0.104167
