0 0.452344 0.332292 0.120313 0.156250
1 0.628125 0.332292 0.118750 0.152083
2 0.799219 0.344792 0.126562 0.152083
3 0.438281 0.555208 0.114062 0.160417
4 0.621094 0.559375 0.126562 0.156250
5 0.796875 0.569792 0.128125 0.172917
6 0.435937 0.792708 0.125000 0.177083
7 0.628906 0.800000 0.123438 0.166667
8 0.795312 0.813542 0.128125 0.177083
5 0.449219 0.173958 0.082812 0.102083
6 0.529687 0.171875 0.078125 0.097917
0 0.620313 0.165625 0.075000 0.097917
2 0.704688 0.164583 0.071875 0.104167
7 0.794531 0.166667 0.079687 0.104167
