0 0.513281 0.317708 0.120313 0.156250
1 0.693750 0.319792 0.118750 0.152083
2 0.877344 0.321875 0.126562 0.152083
3 0.510156 0.536458 0.114062 0.160417
4 0.694531 0.540625 0.126562 0.156250
5 0.873437 0.551042 0.128125 0.172917
6 0.504687 0.778125 0.125000 0.177083
7 0.692969 0.775000 0.123438 0.166667
8 0.868750 0.803125 0.128125 0.177083
5 0.514062 0.159375 0.075000 0.102083
6 0.603125 0.155208 0.078125 0.097917
0 0.692187 0.146875 0.075000 0.097917
2 0.782813 0.145833 0.071875 0.104167
7 0.867969 0.145833 0.079687 0.104167
