0 0.505469 0.303125 0.120313 0.156250
1 0.687500 0.298958 0.118750 0.152083
2 0.860156 0.307292 0.126562 0.152083
3 0.496094 0.523958 0.114062 0.160417
4 0.682031 0.526042 0.126562 0.156250
5 0.860938 0.536458 0.128125 0.172917
6 0.495312 0.759375 0.125000 0.177083
7 0.685156 0.764583 0.123438 0.166667
8 0.854688 0.784375 0.128125 0.177083
5 0.509375 0.142708 0.075000 0.102083
6 0.596875 0.140625 0.078125 0.097917
0 0.681250 0.130208 0.075000 0.097917
2 0.768750 0.122917 0.071875 0.104167
7 0.852344 0.129167 0.079687 0.104167
