0 0.321875 0.273958 0.121875 0.156250
1 0.502344 0.286458 0.117188 0.156250
2 0.671875 0.293750 0.118750 0.150000
3 0.308594 0.506250 0.123438 0.162500
4 0.489063 0.511458 0.125000 0.152083
5 0.669531 0.519792 0.123438 0.160417
6 0.301563 0.740625 0.128125 0.160417
7 0.502344 0.742708 0.123438 0.164583
8 0.670312 0.757292 0.125000 0.168750
5 0.321094 0.116667 0.079687 0.095833
6 0.407813 0.118750 0.078125 0.100000
0 0.496875 0.113542 0.081250 0.106250
2 0.585156 0.113542 0.076563 0.097917
7 0.671094 0.119792 0.073438 0.102083
