0 0.310937 0.269792 0.121875 0.156250
1 0.491406 0.282292 0.117188 0.156250
2 0.660937 0.295833 0.118750 0.150000
3 0.296094 0.504167 0.123438 0.162500
4 0.480469 0.502083 0.123438 0.175000
5 0.657031 0.517708 0.129688 0.177083
6 0.292187 0.745833 0.125000 0.166667
7 0.486719 0.742708 0.123438 0.164583
8 0.656250 0.748958 0.125000 0.168750
5 0.310156 0.108333 0.079687 0.095833
6 0.398438 0.114583 0.078125 0.100000
0 0.490625 0.109375 0.081250 0.106250
2 0.574219 0.109375 0.076563 0.097917
7 0.658594 0.113542 0.073438 0.102083
