0 0.310937 0.269792 0.121875 0.156250
1 0.482812 0.281250 0.121875 0.154167
2 0.654687 0.295833 0.118750 0.150000
3 0.291406 0.506250 0.123438 0.162500
4 0.476562 0.509375 0.125000 0.160417
5 0.653906 0.517708 0.129688 0.177083
6 0.284375 0.743750 0.125000 0.166667
7 0.477344 0.746875 0.126562 0.172917
8 0.645312 0.755208 0.125000 0.168750
5 0.305469 0.114583 0.079687 0.095833
6 0.390625 0.118750 0.078125 0.100000
0 0.484375 0.113542 0.081250 0.106250
2 0.569531 0.113542 0.076563 0.097917
7 0.655469 0.119792 0.079687 0.106250
