0 0.360156 0.317708 0.117188 0.147917
9 0.532813 0.312500 0.121875 0.154167
2 0.700000 0.325000 0.118750 0.150000
3 0.346875 0.537500 0.121875 0.158333
4 0.518750 0.532292 0.125000 0.160417
5 0.695312 0.538542 0.121875 0.168750
6 0.339844 0.763542 0.123438 0.160417
7 0.526563 0.768750 0.131250 0.166667
8 0.692187 0.781250 0.125000 0.166667
5 0.360938 0.168750 0.078125 0.091667
6 0.442188 0.159375 0.075000 0.093750
0 0.525781 0.160417 0.076563 0.100000
2 0.608594 0.155208 0.076563 0.097917
7 0.695312 0.145833 0.078125 0.108333
