0 0.338281 0.338542 0.117188 0.147917
9 0.512500 0.325000 0.121875 0.154167
2 0.679688 0.335417 0.118750 0.150000
3 0.323437 0.545833 0.121875 0.158333
4 0.498437 0.544792 0.125000 0.160417
5 0.676562 0.557292 0.121875 0.168750
6 0.313281 0.778125 0.123438 0.160417
7 0.500000 0.779167 0.131250 0.166667
8 0.673438 0.785417 0.125000 0.166667
5 0.337500 0.181250 0.078125 0.091667
6 0.423438 0.180208 0.075000 0.093750
0 0.510156 0.168750 0.076563 0.100000
2 0.588281 0.165625 0.076563 0.097917
7 0.673438 0.170833 0.078125 0.108333
