0 0.316406 0.361458 0.117188 0.147917
9 0.490625 0.358333 0.121875 0.154167
2 0.651563 0.372917 0.118750 0.150000
3 0.300000 0.577083 0.121875 0.158333
4 0.478125 0.580208 0.125000 0.160417
5 0.654687 0.582292 0.121875 0.168750
6 0.294531 0.805208 0.123438 0.160417
7 0.481250 0.818750 0.131250 0.166667
8 0.651563 0.831250 0.125000 0.166667
5 0.318750 0.212500 0.078125 0.091667
6 0.400000 0.215625 0.075000 0.093750
0 0.485156 0.206250 0.076563 0.100000
2 0.566406 0.207292 0.076563 0.097917
7 0.652344 0.200000 0.079687 0.091667
