0 0.303906 0.396875 0.117188 0.147917
9 0.481250 0.387500 0.121875 0.154167
2 0.643750 0.400000 0.118750 0.150000
3 0.287500 0.612500 0.121875 0.158333
4 0.464062 0.613542 0.125000 0.160417
5 0.639062 0.615625 0.121875 0.168750
6 0.275000 0.841667 0.125000 0.179167
7 0.464062 0.847917 0.125000 0.170833
8 0.637500 0.856250 0.128125 0.170833
5 0.309375 0.243750 0.078125 0.091667
6 0.389062 0.242708 0.075000 0.093750
0 0.477344 0.241667 0.076563 0.100000
2 0.560937 0.239583 0.075000 0.091667
7 0.646094 0.231250 0.079687 0.091667
