0 0.280469 0.386458 0.117188 0.147917
9 0.460938 0.391667 0.121875 0.154167
2 0.620313 0.400000 0.118750 0.150000
3 0.262500 0.602083 0.121875 0.158333
4 0.443750 0.613542 0.125000 0.160417
5 0.617188 0.609375 0.121875 0.168750
6 0.251563 0.831250 0.125000 0.179167
7 0.446875 0.843750 0.125000 0.170833
8 0.614062 0.862500 0.128125 0.170833
5 0.286719 0.236458 0.076563 0.093750
6 0.369531 0.240625 0.073438 0.089583
0 0.458594 0.229167 0.076563 0.100000
2 0.538281 0.229167 0.073438 0.095833
7 0.617969 0.233333 0.073438 0.087500
