0 0.260937 0.366667 0.115625 0.145833
9 0.441406 0.370833 0.114062 0.150000
2 0.603125 0.395833 0.118750 0.150000
3 0.239063 0.593750 0.121875 0.158333
4 0.418750 0.596875 0.125000 0.160417
5 0.598437 0.611458 0.121875 0.168750
6 0.218750 0.831250 0.125000 0.179167
7 0.418750 0.833333 0.125000 0.170833
8 0.587500 0.852083 0.128125 0.170833
5 0.264844 0.216667 0.076563 0.095833
6 0.350781 0.228125 0.073438 0.089583
0 0.438281 0.225000 0.076563 0.100000
2 0.522656 0.222917 0.073438 0.095833
7 0.603125 0.230208 0.075000 0.097917
