0 0.340625 0.383333 0.115625 0.145833
9 0.513281 0.372917 0.114062 0.150000
2 0.678125 0.381250 0.118750 0.150000
3 0.326562 0.594792 0.121875 0.160417
4 0.501563 0.591667 0.125000 0.162500
5 0.679688 0.593750 0.121875 0.170833
6 0.321094 0.822917 0.132812 0.175000
7 0.514062 0.820833 0.125000 0.170833
8 0.681250 0.829167 0.128125 0.170833
5 0.336719 0.233333 0.076563 0.095833
6 0.420312 0.230208 0.075000 0.089583
0 0.508594 0.218750 0.076563 0.100000
2 0.588281 0.210417 0.073438 0.095833
7 0.671875 0.209375 0.075000 0.097917
