0 0.317188 0.304167 0.115625 0.145833
9 0.502344 0.297917 0.114062 0.150000
2 0.662500 0.314583 0.118750 0.150000
3 0.307812 0.516667 0.121875 0.162500
4 0.482812 0.526042 0.125000 0.164583
5 0.660937 0.528125 0.121875 0.172917
6 0.291406 0.750000 0.132812 0.175000
7 0.489063 0.756250 0.125000 0.170833
8 0.657813 0.768750 0.128125 0.170833
5 0.322656 0.154167 0.076563 0.095833
6 0.407813 0.148958 0.075000 0.089583
0 0.494531 0.141667 0.076563 0.100000
2 0.574219 0.141667 0.073438 0.095833
7 0.664062 0.142708 0.075000 0.097917
