0 0.345313 0.388542 0.121875 0.152083
9 0.521094 0.396875 0.114062 0.152083
2 0.685937 0.423958 0.118750 0.152083
3 0.321875 0.601042 0.121875 0.164583
4 0.501563 0.627083 0.125000 0.166667
5 0.671875 0.643750 0.121875 0.175000
6 0.305469 0.845833 0.132812 0.175000
7 0.490625 0.850000 0.125000 0.170833
8 0.665625 0.875000 0.128125 0.170833
5 0.348438 0.235417 0.075000 0.100000
6 0.435937 0.241667 0.075000 0.104167
0 0.525000 0.236458 0.075000 0.102083
2 0.605469 0.244792 0.073438 0.097917
7 0.690625 0.246875 0.078125 0.097917
