0 0.356250 0.378125 0.121875 0.152083
9 0.533594 0.394792 0.114062 0.152083
2 0.690625 0.411458 0.118750 0.152083
3 0.339062 0.603125 0.121875 0.164583
4 0.512500 0.616667 0.125000 0.166667
5 0.685937 0.631250 0.121875 0.175000
6 0.321094 0.829167 0.132812 0.175000
7 0.510938 0.845833 0.125000 0.170833
8 0.676562 0.868750 0.128125 0.170833
5 0.357812 0.227083 0.075000 0.100000
6 0.440625 0.241667 0.075000 0.104167
0 0.528125 0.236458 0.075000 0.102083
2 0.610156 0.236458 0.073438 0.097917
7 0.692187 0.236458 0.078125 0.097917
