0 0.331250 0.407292 0.121875 0.152083
9 0.507031 0.413542 0.114062 0.152083
2 0.667188 0.428125 0.118750 0.152083
3 0.320312 0.623958 0.121875 0.164583
4 0.493750 0.633333 0.125000 0.166667
5 0.667188 0.645833 0.121875 0.175000
6 0.302344 0.841667 0.132812 0.175000
7 0.489063 0.860417 0.125000 0.170833
8 0.659375 0.881250 0.128125 0.170833
5 0.331250 0.253125 0.075000 0.102083
6 0.415625 0.260417 0.075000 0.104167
0 0.501563 0.251042 0.078125 0.102083
2 0.583594 0.258333 0.073438 0.100000
7 0.668750 0.261458 0.078125 0.097917
