5 0.228906 0.094792 0.107813 0.131250
6 0.321094 0.096875 0.085938 0.127083
0 0.417969 0.093750 0.085938 0.112500
2 0.503906 0.094792 0.089063 0.135417
7 0.596875 0.103125 0.096875 0.131250
0 0.233594 0.263542 0.145313 0.172917
1 0.420312 0.271875 0.140625 0.185417
2 0.591406 0.290625 0.142187 0.181250
3 0.220312 0.495833 0.156250 0.191667
4 0.411719 0.510417 0.148438 0.208333
5 0.587500 0.525000 0.137500 0.195833
6 0.219531 0.744792 0.151562 0.197917
7 0.417187 0.753125 0.150000 0.181250
8 0.586719 0.763542 0.151562 0.185417
