0 0.354687 0.227083 0.121875 0.154167
9 0.530469 0.236458 0.114062 0.152083
2 0.695312 0.246875 0.118750 0.152083
3 0.343750 0.456250 0.121875 0.166667
4 0.518750 0.463542 0.125000 0.168750
5 0.692187 0.465625 0.121875 0.177083
6 0.342969 0.679167 0.132812 0.175000
7 0.525000 0.687500 0.125000 0.170833
8 0.682813 0.702083 0.128125 0.170833
5 0.342969 0.062500 0.079687 0.104167
6 0.431250 0.069792 0.075000 0.102083
0 0.525000 0.059375 0.078125 0.102083
2 0.609375 0.056250 0.071875 0.100000
7 0.698438 0.066667 0.078125 0.095833
