0 0.310937 0.327083 0.121875 0.158333
9 0.485156 0.309375 0.114062 0.152083
2 0.653125 0.316667 0.118750 0.154167
3 0.317188 0.550000 0.121875 0.166667
4 0.485938 0.544792 0.125000 0.168750
5 0.657813 0.534375 0.121875 0.177083
6 0.324219 0.766667 0.132812 0.175000
7 0.504687 0.762500 0.125000 0.170833
8 0.667188 0.758333 0.128125 0.170833
5 0.296094 0.162500 0.079687 0.104167
6 0.385937 0.159375 0.075000 0.102083
0 0.472656 0.141667 0.076563 0.108333
2 0.557813 0.139583 0.071875 0.100000
7 0.646875 0.125000 0.078125 0.095833
