0 0.342187 0.343750 0.121875 0.158333
9 0.519531 0.353125 0.114062 0.152083
2 0.682813 0.366667 0.118750 0.154167
3 0.340625 0.573958 0.121875 0.168750
4 0.509375 0.578125 0.125000 0.168750
5 0.678125 0.578125 0.121875 0.177083
6 0.334375 0.793750 0.131250 0.162500
7 0.514062 0.793750 0.125000 0.170833
8 0.668750 0.809375 0.125000 0.156250
5 0.341406 0.187500 0.079687 0.104167
6 0.425781 0.184375 0.076563 0.102083
0 0.516406 0.177083 0.076563 0.108333
2 0.598437 0.179167 0.071875 0.100000
7 0.681250 0.179167 0.078125 0.095833
