0 0.280469 0.306250 0.139063 0.170833
9 0.485938 0.296875 0.137500 0.172917
2 0.669531 0.301042 0.145313 0.185417
3 0.278906 0.565625 0.129688 0.185417
4 0.471875 0.558333 0.131250 0.179167
5 0.672656 0.554167 0.135937 0.187500
6 0.284375 0.819792 0.137500 0.177083
7 0.489063 0.814583 0.137500 0.179167
8 0.671094 0.819792 0.145313 0.177083
5 0.267188 0.116667 0.087500 0.120833
6 0.366406 0.114583 0.092188 0.116667
0 0.467969 0.107292 0.089063 0.122917
2 0.564844 0.097917 0.085938 0.116667
7 0.658594 0.090625 0.085938 0.118750
