5 0.271094 0.093750 0.085938 0.133333
6 0.363281 0.098958 0.092188 0.122917
0 0.453125 0.087500 0.087500 0.112500
2 0.539844 0.089583 0.085938 0.120833
7 0.629687 0.089583 0.084375 0.120833
0 0.278125 0.263542 0.140625 0.181250
1 0.452344 0.268750 0.132812 0.179167
2 0.635156 0.278125 0.157812 0.181250
3 0.259375 0.496875 0.146875 0.181250
4 0.453125 0.505208 0.153125 0.206250
5 0.630469 0.514583 0.135937 0.195833
6 0.263281 0.738542 0.142187 0.206250
7 0.460156 0.740625 0.148438 0.197917
8 0.630469 0.750000 0.148438 0.204167
