0 0.192188 0.272917 0.143750 0.195833
9 0.403906 0.286458 0.139063 0.189583
2 0.591406 0.306250 0.145313 0.195833
3 0.173437 0.540625 0.146875 0.197917
4 0.389062 0.558333 0.140625 0.191667
5 0.587500 0.572917 0.143750 0.204167
6 0.167187 0.821875 0.140625 0.189583
7 0.385937 0.829167 0.137500 0.179167
8 0.580469 0.842708 0.145313 0.177083
5 0.188281 0.080208 0.092188 0.118750
6 0.289844 0.083333 0.092188 0.125000
0 0.401562 0.081250 0.090625 0.116667
2 0.500781 0.084375 0.092188 0.118750
7 0.599219 0.092708 0.082812 0.122917
