0 0.175000 0.302083 0.143750 0.195833
9 0.391406 0.305208 0.139063 0.189583
2 0.583594 0.331250 0.145313 0.195833
3 0.160938 0.569792 0.146875 0.197917
4 0.376563 0.581250 0.140625 0.191667
5 0.579688 0.591667 0.143750 0.204167
6 0.164062 0.846875 0.140625 0.189583
7 0.382812 0.847917 0.137500 0.179167
8 0.571094 0.863542 0.145313 0.177083
5 0.177344 0.107292 0.092188 0.118750
6 0.277344 0.108333 0.092188 0.125000
0 0.384375 0.108333 0.090625 0.116667
2 0.486719 0.111458 0.092188 0.118750
7 0.589063 0.115625 0.090625 0.122917
