0 0.229687 0.348958 0.146875 0.193750
9 0.435937 0.340625 0.140625 0.185417
2 0.635156 0.343750 0.142187 0.179167
3 0.231250 0.611458 0.153125 0.197917
4 0.438281 0.606250 0.139063 0.195833
5 0.635156 0.605208 0.139063 0.193750
6 0.235937 0.866667 0.146875 0.191667
7 0.453125 0.865625 0.146875 0.185417
8 0.639844 0.863542 0.148438 0.177083
5 0.216406 0.164583 0.098437 0.125000
6 0.321094 0.164583 0.098437 0.125000
0 0.422656 0.150000 0.098437 0.129167
2 0.524219 0.140625 0.095312 0.118750
7 0.618750 0.138542 0.090625 0.122917
