0 0.281250 0.338542 0.146875 0.193750
9 0.485938 0.326042 0.140625 0.185417
2 0.675781 0.337500 0.142187 0.179167
3 0.281250 0.609375 0.153125 0.197917
4 0.485156 0.589583 0.139063 0.195833
5 0.685156 0.590625 0.139063 0.193750
6 0.284375 0.860417 0.146875 0.191667
7 0.501563 0.855208 0.146875 0.185417
8 0.680469 0.851042 0.148438 0.177083
5 0.267969 0.156250 0.098437 0.125000
6 0.366406 0.158333 0.098437 0.125000
0 0.468750 0.137500 0.100000 0.129167
2 0.574219 0.130208 0.095312 0.118750
7 0.667188 0.128125 0.090625 0.122917
