0 0.337500 0.328125 0.146875 0.193750
9 0.546875 0.319792 0.140625 0.185417
2 0.735156 0.335417 0.142187 0.179167
3 0.337500 0.588542 0.153125 0.197917
4 0.539844 0.589583 0.139063 0.195833
5 0.736719 0.582292 0.139063 0.193750
6 0.343750 0.843750 0.146875 0.191667
7 0.543750 0.840625 0.146875 0.185417
8 0.738281 0.859375 0.148438 0.177083
5 0.327344 0.150000 0.098437 0.125000
6 0.425781 0.145833 0.101562 0.125000
0 0.528125 0.133333 0.100000 0.129167
2 0.621094 0.121875 0.095312 0.118750
7 0.725000 0.121875 0.090625 0.122917
