0 0.405469 0.313542 0.148438 0.193750
9 0.610938 0.301042 0.140625 0.185417
2 0.799219 0.310417 0.142187 0.179167
3 0.401562 0.576042 0.153125 0.197917
4 0.602344 0.577083 0.139063 0.195833
5 0.803906 0.576042 0.139063 0.193750
6 0.409375 0.829167 0.150000 0.191667
7 0.612500 0.823958 0.146875 0.185417
8 0.800781 0.838542 0.148438 0.177083
5 0.396875 0.133333 0.100000 0.125000
6 0.497656 0.128125 0.089063 0.122917
0 0.592969 0.113542 0.082812 0.122917
2 0.697656 0.110417 0.092188 0.129167
7 0.796094 0.097917 0.095312 0.125000
