0 0.452344 0.298958 0.148438 0.193750
9 0.657813 0.286458 0.140625 0.185417
2 0.852344 0.306250 0.142187 0.179167
3 0.452344 0.548958 0.154688 0.197917
4 0.650781 0.555208 0.139063 0.197917
5 0.846094 0.559375 0.139063 0.193750
6 0.446875 0.804167 0.150000 0.191667
7 0.653125 0.817708 0.146875 0.185417
8 0.847656 0.834375 0.148438 0.177083
5 0.443750 0.118750 0.100000 0.125000
6 0.539844 0.111458 0.089063 0.122917
0 0.646094 0.101042 0.082812 0.122917
2 0.744531 0.100000 0.092188 0.129167
7 0.846094 0.091667 0.095312 0.125000
