5 0.280469 0.103125 0.085938 0.118750
6 0.375000 0.107292 0.081250 0.122917
0 0.466406 0.103125 0.095312 0.114583
2 0.557813 0.102083 0.087500 0.112500
7 0.644531 0.104167 0.092188 0.116667
0 0.285938 0.272917 0.131250 0.162500
1 0.471875 0.282292 0.134375 0.168750
2 0.648438 0.288542 0.146875 0.181250
3 0.273438 0.511458 0.143750 0.185417
4 0.461719 0.516667 0.135937 0.204167
5 0.639062 0.519792 0.140625 0.181250
6 0.275000 0.746875 0.146875 0.189583
7 0.467187 0.755208 0.150000 0.185417
8 0.639844 0.765625 0.145313 0.189583
