0 0.382031 0.303125 0.148438 0.193750
9 0.587500 0.298958 0.140625 0.185417
2 0.768750 0.318750 0.143750 0.179167
3 0.367969 0.555208 0.154688 0.197917
4 0.566406 0.565625 0.139063 0.197917
5 0.764844 0.565625 0.139063 0.193750
6 0.373437 0.812500 0.150000 0.191667
7 0.579688 0.815625 0.146875 0.185417
8 0.764844 0.828125 0.148438 0.177083
5 0.382812 0.117708 0.100000 0.127083
6 0.474219 0.122917 0.089063 0.125000
0 0.578125 0.107292 0.090625 0.118750
2 0.672656 0.101042 0.092188 0.127083
7 0.774219 0.108333 0.095312 0.125000
