0 0.247656 0.301042 0.148438 0.193750
9 0.450000 0.303125 0.140625 0.185417
2 0.635938 0.325000 0.143750 0.179167
3 0.228906 0.561458 0.154688 0.197917
4 0.430469 0.561458 0.139063 0.197917
5 0.624219 0.578125 0.139063 0.193750
6 0.232813 0.820833 0.150000 0.191667
7 0.435937 0.823958 0.146875 0.185417
8 0.625781 0.834375 0.148438 0.177083
5 0.242188 0.119792 0.100000 0.127083
6 0.338281 0.114583 0.089063 0.125000
0 0.437500 0.113542 0.090625 0.118750
2 0.533594 0.117708 0.092188 0.127083
7 0.636719 0.114583 0.095312 0.125000
