0 0.305469 0.351042 0.148438 0.193750
9 0.500000 0.348958 0.140625 0.185417
2 0.670312 0.375000 0.143750 0.179167
3 0.294531 0.584375 0.154688 0.197917
4 0.482812 0.603125 0.140625 0.197917
5 0.671094 0.615625 0.139063 0.193750
6 0.284375 0.837500 0.150000 0.191667
7 0.482812 0.840625 0.146875 0.185417
8 0.652344 0.855208 0.148438 0.177083
5 0.304688 0.176042 0.100000 0.127083
6 0.396875 0.175000 0.090625 0.125000
0 0.487500 0.178125 0.090625 0.118750
2 0.583594 0.176042 0.092188 0.127083
7 0.669531 0.177083 0.095312 0.125000
