0 0.313281 0.380208 0.148438 0.193750
9 0.495312 0.371875 0.140625 0.185417
2 0.673438 0.385417 0.146875 0.200000
3 0.297656 0.603125 0.154688 0.197917
4 0.484375 0.607292 0.140625 0.197917
5 0.666406 0.621875 0.139063 0.193750
6 0.296875 0.839583 0.150000 0.191667
7 0.487500 0.851042 0.146875 0.185417
8 0.663281 0.876042 0.148438 0.177083
5 0.304688 0.203125 0.100000 0.127083
6 0.396875 0.204167 0.090625 0.125000
0 0.493750 0.201042 0.090625 0.118750
2 0.582031 0.194792 0.092188 0.127083
7 0.667969 0.191667 0.095312 0.125000
