5 0.317969 0.114583 0.092188 0.125000
6 0.408594 0.111458 0.082812 0.110417
0 0.501563 0.105208 0.090625 0.114583
2 0.589063 0.102083 0.084375 0.112500
7 0.676562 0.107292 0.087500 0.114583
0 0.320312 0.282292 0.131250 0.168750
1 0.508594 0.281250 0.132812 0.179167
2 0.679688 0.293750 0.137500 0.179167
3 0.315625 0.518750 0.140625 0.187500
4 0.497656 0.520833 0.151562 0.187500
5 0.678906 0.519792 0.132812 0.189583
6 0.310156 0.760417 0.148438 0.195833
7 0.502344 0.757292 0.139063 0.177083
8 0.678906 0.762500 0.151562 0.187500
