0 0.182812 0.259375 0.125000 0.164583
9 0.367188 0.265625 0.131250 0.172917
2 0.524219 0.289583 0.135937 0.187500
3 0.172656 0.483333 0.129688 0.170833
4 0.347656 0.490625 0.123438 0.177083
5 0.520312 0.508333 0.131250 0.170833
6 0.163281 0.708333 0.126562 0.170833
7 0.351562 0.725000 0.121875 0.166667
8 0.512500 0.737500 0.115625 0.170833
5 0.180469 0.096875 0.082812 0.114583
6 0.268750 0.101042 0.078125 0.114583
0 0.360156 0.095833 0.076563 0.108333
2 0.445312 0.105208 0.078125 0.102083
7 0.532031 0.114583 0.076563 0.108333
