0 0.275000 0.378125 0.125000 0.164583
9 0.453906 0.378125 0.132812 0.172917
2 0.622656 0.397917 0.135937 0.187500
3 0.271094 0.612500 0.129688 0.170833
4 0.444531 0.607292 0.123438 0.177083
5 0.621875 0.612500 0.131250 0.170833
6 0.272656 0.835417 0.126562 0.170833
7 0.453125 0.829167 0.125000 0.166667
8 0.612500 0.843750 0.115625 0.170833
5 0.277344 0.219792 0.082812 0.114583
6 0.360938 0.217708 0.078125 0.114583
0 0.446875 0.218750 0.078125 0.108333
2 0.534375 0.215625 0.078125 0.102083
7 0.619531 0.220833 0.076563 0.108333
