0 0.392969 0.396875 0.126562 0.164583
9 0.564844 0.398958 0.132812 0.172917
2 0.727344 0.404167 0.135937 0.187500
3 0.378906 0.608333 0.129688 0.170833
4 0.555469 0.628125 0.123438 0.177083
5 0.725000 0.622917 0.131250 0.170833
6 0.378906 0.843750 0.126562 0.170833
7 0.562500 0.843750 0.125000 0.166667
8 0.717187 0.858333 0.128125 0.170833
5 0.380469 0.240625 0.082812 0.114583
6 0.466406 0.240625 0.079687 0.114583
0 0.554688 0.233333 0.078125 0.108333
2 0.632812 0.230208 0.078125 0.102083
7 0.721094 0.229167 0.076563 0.108333
