0 0.441406 0.394792 0.126562 0.164583
9 0.617969 0.382292 0.132812 0.172917
2 0.780469 0.400000 0.135937 0.187500
3 0.435156 0.606250 0.129688 0.170833
4 0.605469 0.601042 0.123438 0.177083
5 0.778125 0.610417 0.131250 0.170833
6 0.431250 0.827083 0.128125 0.170833
7 0.609375 0.833333 0.125000 0.166667
8 0.771875 0.850000 0.128125 0.170833
5 0.431250 0.221875 0.084375 0.114583
6 0.522656 0.226042 0.079687 0.114583
0 0.601562 0.218750 0.078125 0.108333
2 0.692187 0.211458 0.078125 0.102083
7 0.774219 0.212500 0.076563 0.108333
