0 0.499219 0.386458 0.126562 0.164583
9 0.667969 0.388542 0.132812 0.172917
2 0.839844 0.406250 0.135937 0.187500
3 0.494531 0.595833 0.129688 0.170833
4 0.667969 0.617708 0.123438 0.177083
5 0.837500 0.618750 0.131250 0.170833
6 0.487500 0.831250 0.128125 0.170833
7 0.668750 0.831250 0.125000 0.166667
8 0.840625 0.852083 0.128125 0.170833
5 0.490625 0.218750 0.084375 0.116667
6 0.575781 0.234375 0.079687 0.114583
0 0.662500 0.216667 0.078125 0.108333
2 0.743750 0.213542 0.078125 0.102083
7 0.835156 0.217708 0.076563 0.110417
