5 0.508594 0.179167 0.085938 0.116667
6 0.590625 0.172917 0.081250 0.104167
0 0.678125 0.169792 0.090625 0.114583
2 0.766406 0.158333 0.089063 0.112500
7 0.853906 0.164583 0.089063 0.120833
0 0.512500 0.331250 0.121875 0.162500
9 0.681250 0.333333 0.128125 0.170833
2 0.850781 0.342708 0.129688 0.164583
3 0.498437 0.554167 0.121875 0.166667
4 0.668750 0.564583 0.125000 0.170833
5 0.842969 0.568750 0.129688 0.175000
6 0.494531 0.771875 0.123438 0.177083
7 0.670312 0.786458 0.125000 0.172917
8 0.835156 0.809375 0.139063 0.177083
