5 0.422656 0.120833 0.085938 0.116667
6 0.504687 0.118750 0.081250 0.104167
0 0.601562 0.117708 0.090625 0.114583
2 0.686719 0.112500 0.089063 0.112500
7 0.772656 0.120833 0.089063 0.120833
0 0.431250 0.283333 0.121875 0.162500
9 0.601562 0.289583 0.128125 0.170833
2 0.763281 0.301042 0.129688 0.164583
3 0.410938 0.510417 0.121875 0.166667
4 0.585938 0.516667 0.125000 0.170833
5 0.761719 0.529167 0.129688 0.175000
6 0.410156 0.728125 0.123438 0.177083
7 0.587500 0.740625 0.125000 0.172917
8 0.753906 0.761458 0.139063 0.177083
