5 0.319531 0.110417 0.085938 0.116667
6 0.404687 0.108333 0.081250 0.104167
0 0.498437 0.106250 0.090625 0.116667
2 0.582031 0.102083 0.089063 0.116667
7 0.667969 0.108333 0.089063 0.120833
0 0.323437 0.268750 0.121875 0.162500
9 0.506250 0.268750 0.128125 0.170833
2 0.666406 0.290625 0.129688 0.164583
3 0.312500 0.493750 0.121875 0.166667
4 0.487500 0.504167 0.125000 0.170833
5 0.660156 0.510417 0.129688 0.175000
6 0.311719 0.715625 0.123438 0.177083
7 0.487500 0.726042 0.125000 0.172917
8 0.660156 0.740625 0.139063 0.177083
