5 0.305469 0.112500 0.085938 0.116667
6 0.389062 0.108333 0.081250 0.104167
0 0.479687 0.106250 0.090625 0.116667
2 0.572656 0.104167 0.089063 0.116667
7 0.652344 0.112500 0.089063 0.120833
0 0.309375 0.270833 0.121875 0.162500
9 0.487500 0.275000 0.128125 0.170833
2 0.655469 0.290625 0.129688 0.164583
3 0.300000 0.493750 0.121875 0.166667
4 0.470313 0.500000 0.125000 0.170833
5 0.642969 0.516667 0.129688 0.175000
6 0.297656 0.726042 0.123438 0.177083
7 0.473438 0.734375 0.125000 0.172917
8 0.638281 0.746875 0.139063 0.177083
