5 0.222656 0.114583 0.085938 0.116667
6 0.312500 0.113542 0.078125 0.110417
0 0.409375 0.110417 0.090625 0.116667
2 0.491406 0.110417 0.089063 0.116667
7 0.573438 0.116667 0.087500 0.108333
0 0.228125 0.281250 0.121875 0.162500
9 0.407813 0.285417 0.128125 0.170833
2 0.571094 0.298958 0.129688 0.164583
3 0.219531 0.510417 0.123438 0.170833
4 0.393750 0.512500 0.125000 0.170833
5 0.566406 0.529167 0.129688 0.175000
6 0.216406 0.736458 0.123438 0.177083
7 0.403125 0.742708 0.125000 0.172917
8 0.561719 0.753125 0.139063 0.177083
