5 0.214844 0.135417 0.085938 0.116667
6 0.306250 0.136458 0.078125 0.110417
0 0.395313 0.131250 0.090625 0.116667
2 0.480469 0.133333 0.089063 0.116667
7 0.568750 0.135417 0.087500 0.108333
0 0.217188 0.297917 0.121875 0.162500
9 0.401562 0.300000 0.128125 0.170833
2 0.566406 0.332292 0.129688 0.164583
3 0.208594 0.527083 0.123438 0.170833
4 0.384375 0.537500 0.128125 0.170833
5 0.560156 0.547917 0.129688 0.175000
6 0.202344 0.763542 0.132812 0.181250
7 0.390625 0.761458 0.125000 0.172917
8 0.557031 0.773958 0.139063 0.177083
