5 0.219531 0.154167 0.085938 0.116667
6 0.306250 0.155208 0.084375 0.122917
0 0.400000 0.158333 0.090625 0.116667
2 0.485156 0.154167 0.089063 0.116667
7 0.570312 0.158333 0.087500 0.108333
0 0.225000 0.316667 0.121875 0.162500
9 0.407813 0.322917 0.128125 0.170833
2 0.567969 0.348958 0.129688 0.164583
3 0.211719 0.545833 0.123438 0.170833
4 0.393750 0.556250 0.128125 0.170833
5 0.560156 0.562500 0.129688 0.175000
6 0.208594 0.778125 0.132812 0.181250
7 0.398438 0.778125 0.125000 0.172917
8 0.560156 0.790625 0.139063 0.177083
