5 0.344531 0.131250 0.085938 0.116667
6 0.437500 0.131250 0.084375 0.125000
0 0.529687 0.130208 0.084375 0.110417
2 0.607812 0.128125 0.081250 0.118750
7 0.693750 0.129167 0.087500 0.108333
0 0.351562 0.293750 0.121875 0.162500
9 0.531250 0.293750 0.128125 0.170833
2 0.700781 0.315625 0.129688 0.164583
3 0.341406 0.522917 0.123438 0.170833
4 0.517188 0.527083 0.128125 0.170833
5 0.689844 0.535417 0.129688 0.175000
6 0.338281 0.746875 0.132812 0.181250
7 0.523438 0.751042 0.125000 0.172917
8 0.683594 0.757292 0.139063 0.177083
