5 0.382031 0.204167 0.085938 0.116667
6 0.462500 0.204167 0.084375 0.125000
0 0.550000 0.192708 0.084375 0.110417
2 0.640625 0.194792 0.081250 0.118750
7 0.723437 0.189583 0.087500 0.108333
0 0.389062 0.360417 0.121875 0.162500
9 0.560937 0.362500 0.128125 0.170833
2 0.722656 0.371875 0.129688 0.164583
3 0.374219 0.581250 0.123438 0.170833
4 0.542188 0.591667 0.128125 0.170833
5 0.716406 0.602083 0.129688 0.175000
6 0.367969 0.815625 0.132812 0.181250
7 0.553125 0.821875 0.125000 0.172917
8 0.717969 0.838542 0.139063 0.177083
