5 0.349219 0.200000 0.085938 0.116667
6 0.434375 0.202083 0.084375 0.125000
0 0.525000 0.192708 0.084375 0.110417
2 0.609375 0.198958 0.081250 0.118750
7 0.695312 0.191667 0.087500 0.108333
0 0.353125 0.360417 0.121875 0.162500
9 0.528125 0.360417 0.128125 0.170833
2 0.694531 0.376042 0.129688 0.164583
3 0.338281 0.591667 0.123438 0.170833
4 0.517188 0.593750 0.128125 0.170833
5 0.689844 0.600000 0.129688 0.175000
6 0.338281 0.817708 0.132812 0.181250
7 0.521875 0.823958 0.125000 0.172917
8 0.682031 0.828125 0.139063 0.177083
