5 0.238281 0.102083 0.085938 0.116667
6 0.329688 0.108333 0.084375 0.125000
0 0.420312 0.098958 0.084375 0.110417
2 0.506250 0.098958 0.081250 0.118750
7 0.595313 0.102083 0.087500 0.108333
0 0.245312 0.266667 0.121875 0.162500
9 0.426563 0.275000 0.128125 0.170833
2 0.591406 0.290625 0.129688 0.164583
3 0.233594 0.500000 0.123438 0.170833
4 0.415625 0.506250 0.128125 0.170833
5 0.588281 0.514583 0.129688 0.175000
6 0.235156 0.728125 0.132812 0.181250
7 0.417187 0.730208 0.125000 0.172917
8 0.582031 0.742708 0.139063 0.177083
