5 0.283594 0.143750 0.085938 0.120833
6 0.370312 0.147917 0.084375 0.125000
0 0.459375 0.139583 0.084375 0.112500
2 0.540625 0.142708 0.081250 0.118750
7 0.628125 0.139583 0.087500 0.112500
0 0.282813 0.310417 0.121875 0.162500
9 0.462500 0.306250 0.128125 0.170833
2 0.628906 0.328125 0.129688 0.164583
3 0.278906 0.541667 0.123438 0.170833
4 0.456250 0.547917 0.128125 0.170833
5 0.630469 0.550000 0.129688 0.175000
6 0.277344 0.771875 0.132812 0.181250
7 0.459375 0.771875 0.125000 0.172917
8 0.617969 0.784375 0.139063 0.177083
