5 0.292969 0.152083 0.085938 0.120833
6 0.379688 0.154167 0.084375 0.125000
0 0.467187 0.150000 0.084375 0.112500
2 0.557813 0.142708 0.081250 0.118750
7 0.640625 0.147917 0.087500 0.112500
0 0.295312 0.314583 0.121875 0.162500
9 0.478125 0.316667 0.128125 0.170833
2 0.641406 0.328125 0.129688 0.164583
3 0.291406 0.545833 0.123438 0.170833
4 0.467187 0.550000 0.128125 0.170833
5 0.635156 0.554167 0.129688 0.175000
6 0.286719 0.776042 0.132812 0.181250
7 0.470313 0.780208 0.125000 0.172917
8 0.636719 0.796875 0.139063 0.177083
