0 0.301563 0.162500 0.134375 0.175000
1 0.481250 0.177083 0.150000 0.200000
2 0.658594 0.192708 0.145313 0.172917
3 0.285938 0.387500 0.134375 0.170833
4 0.469531 0.403125 0.154688 0.181250
5 0.646875 0.414583 0.146875 0.191667
6 0.277344 0.617708 0.142187 0.189583
7 0.467969 0.634375 0.135937 0.181250
8 0.635938 0.652083 0.143750 0.175000
5 0.302344 0.025000 0.095312 0.045833
6 0.389844 0.031250 0.085938 0.058333
0 0.479687 0.029167 0.087500 0.054167
2 0.569531 0.030208 0.082812 0.056250
7 0.657031 0.035417 0.085938 0.066667
