0 0.338281 0.278125 0.139063 0.177083
1 0.519531 0.287500 0.142187 0.179167
2 0.688281 0.309375 0.139063 0.177083
3 0.327344 0.504167 0.135937 0.179167
4 0.508594 0.514583 0.132812 0.187500
5 0.684375 0.526042 0.153125 0.197917
6 0.323437 0.742708 0.153125 0.193750
7 0.507031 0.747917 0.148438 0.183333
8 0.674219 0.756250 0.135937 0.187500
5 0.340625 0.108333 0.090625 0.133333
6 0.431250 0.117708 0.087500 0.122917
0 0.515625 0.112500 0.084375 0.108333
2 0.603906 0.116667 0.082812 0.104167
7 0.688281 0.120833 0.085938 0.112500
