0 0.375781 0.261458 0.139063 0.177083
1 0.557031 0.266667 0.145313 0.175000
2 0.720313 0.278125 0.137500 0.172917
3 0.364844 0.487500 0.129688 0.183333
4 0.544531 0.488542 0.132812 0.172917
5 0.720313 0.501042 0.143750 0.185417
6 0.360156 0.712500 0.148438 0.208333
7 0.552344 0.721875 0.129688 0.181250
8 0.717969 0.735417 0.145313 0.175000
5 0.370312 0.100000 0.087500 0.125000
6 0.460156 0.097917 0.089063 0.116667
0 0.547656 0.098958 0.095312 0.122917
2 0.635938 0.093750 0.087500 0.116667
7 0.719531 0.096875 0.089063 0.114583
