5 0.207031 0.076042 0.101562 0.118750
6 0.302344 0.089583 0.085938 0.133333
0 0.396875 0.089583 0.087500 0.116667
2 0.485156 0.093750 0.085938 0.120833
7 0.575000 0.110417 0.093750 0.129167
0 0.206250 0.239583 0.140625 0.179167
1 0.388281 0.265625 0.145313 0.193750
2 0.565625 0.293750 0.134375 0.187500
3 0.189062 0.480208 0.150000 0.197917
4 0.370312 0.498958 0.153125 0.193750
5 0.550000 0.518750 0.159375 0.187500
6 0.175781 0.717708 0.148438 0.202083
7 0.370312 0.733333 0.150000 0.195833
8 0.542188 0.751042 0.146875 0.189583
