5 0.213281 0.145833 0.092188 0.120833
6 0.307031 0.145833 0.082812 0.116667
0 0.394531 0.141667 0.089063 0.112500
2 0.484375 0.134375 0.090625 0.118750
7 0.574219 0.145833 0.089063 0.116667
0 0.220312 0.312500 0.146875 0.175000
1 0.398438 0.316667 0.143750 0.195833
2 0.576562 0.336458 0.146875 0.181250
3 0.209375 0.544792 0.150000 0.189583
4 0.391406 0.551042 0.139063 0.189583
5 0.571094 0.560417 0.148438 0.195833
6 0.203906 0.784375 0.148438 0.197917
7 0.398438 0.786458 0.153125 0.193750
8 0.568750 0.795833 0.140625 0.179167
