5 0.200781 0.183333 0.095312 0.116667
6 0.291406 0.186458 0.092188 0.131250
0 0.387500 0.184375 0.093750 0.114583
2 0.472656 0.185417 0.092188 0.120833
7 0.560937 0.186458 0.090625 0.122917
0 0.200000 0.350000 0.143750 0.179167
1 0.392969 0.358333 0.142187 0.179167
2 0.560156 0.372917 0.142187 0.191667
3 0.186719 0.580208 0.151562 0.185417
4 0.377344 0.587500 0.145313 0.191667
5 0.560937 0.593750 0.150000 0.200000
6 0.185938 0.829167 0.153125 0.208333
7 0.385156 0.817708 0.145313 0.185417
8 0.555469 0.828125 0.151562 0.189583
