5 0.215625 0.173958 0.093750 0.135417
6 0.303125 0.173958 0.087500 0.110417
0 0.399219 0.169792 0.085938 0.110417
2 0.482031 0.167708 0.085938 0.106250
7 0.571875 0.176042 0.090625 0.127083
0 0.219531 0.335417 0.142187 0.170833
1 0.400781 0.343750 0.139063 0.179167
2 0.581250 0.356250 0.153125 0.179167
3 0.212500 0.572917 0.143750 0.179167
4 0.395313 0.575000 0.140625 0.191667
5 0.574219 0.578125 0.151562 0.193750
6 0.207813 0.814583 0.159375 0.191667
7 0.403125 0.815625 0.137500 0.189583
8 0.573438 0.822917 0.143750 0.191667
