5 0.359375 0.183333 0.100000 0.120833
6 0.449219 0.185417 0.085938 0.129167
0 0.539844 0.170833 0.089063 0.116667
2 0.625000 0.162500 0.081250 0.125000
7 0.711719 0.159375 0.085938 0.118750
0 0.364844 0.343750 0.154688 0.170833
1 0.547656 0.340625 0.148438 0.197917
2 0.721094 0.338542 0.154688 0.177083
3 0.366406 0.581250 0.142187 0.195833
4 0.548438 0.572917 0.146875 0.187500
5 0.726562 0.571875 0.162500 0.197917
6 0.371875 0.821875 0.150000 0.214583
7 0.562500 0.812500 0.159375 0.195833
8 0.735156 0.819792 0.157812 0.206250
