5 0.420312 0.175000 0.084375 0.120833
6 0.513281 0.172917 0.085938 0.116667
0 0.601562 0.160417 0.093750 0.104167
2 0.689063 0.150000 0.087500 0.133333
7 0.778125 0.150000 0.100000 0.133333
0 0.430469 0.338542 0.151562 0.181250
1 0.614844 0.335417 0.145313 0.166667
2 0.785937 0.338542 0.150000 0.185417
3 0.431250 0.567708 0.153125 0.189583
4 0.609375 0.567708 0.143750 0.197917
5 0.791406 0.560417 0.154688 0.175000
6 0.429688 0.805208 0.150000 0.210417
7 0.625781 0.805208 0.154688 0.193750
8 0.793750 0.814583 0.162500 0.200000
