5 0.494531 0.072917 0.095312 0.125000
6 0.583594 0.075000 0.082812 0.116667
0 0.678125 0.064583 0.087500 0.108333
2 0.763281 0.061458 0.082812 0.106250
7 0.855469 0.061458 0.085938 0.118750
0 0.499219 0.240625 0.142187 0.172917
1 0.679688 0.244792 0.143750 0.181250
2 0.864844 0.248958 0.148438 0.197917
3 0.485938 0.471875 0.140625 0.185417
4 0.675000 0.477083 0.140625 0.191667
5 0.860156 0.484375 0.145313 0.210417
6 0.489063 0.703125 0.140625 0.185417
7 0.679688 0.712500 0.140625 0.191667
8 0.855469 0.730208 0.148438 0.202083
