5 0.485156 0.077083 0.089063 0.120833
6 0.577344 0.071875 0.082812 0.118750
0 0.669531 0.067708 0.085938 0.114583
2 0.760938 0.060417 0.087500 0.116667
7 0.850781 0.060417 0.089063 0.116667
0 0.483594 0.237500 0.135937 0.166667
1 0.671875 0.240625 0.140625 0.189583
2 0.850781 0.246875 0.145313 0.189583
3 0.482812 0.468750 0.140625 0.191667
4 0.664844 0.477083 0.142187 0.187500
5 0.851562 0.480208 0.156250 0.197917
6 0.475000 0.706250 0.137500 0.195833
7 0.664062 0.710417 0.143750 0.187500
8 0.848437 0.730208 0.162500 0.185417
