5 0.406250 0.076042 0.093750 0.122917
6 0.496875 0.081250 0.078125 0.120833
0 0.590625 0.075000 0.084375 0.112500
2 0.678125 0.075000 0.084375 0.120833
7 0.766406 0.083333 0.089063 0.125000
0 0.399219 0.243750 0.132812 0.179167
1 0.586719 0.252083 0.135937 0.187500
2 0.764844 0.271875 0.142187 0.189583
3 0.393750 0.467708 0.140625 0.193750
4 0.568750 0.486458 0.137500 0.193750
5 0.762500 0.506250 0.153125 0.216667
6 0.375781 0.705208 0.139063 0.189583
7 0.569531 0.729167 0.148438 0.204167
8 0.738281 0.748958 0.142187 0.197917
