5 0.211719 0.071875 0.095312 0.127083
6 0.306250 0.080208 0.090625 0.127083
0 0.398438 0.080208 0.093750 0.131250
2 0.492969 0.076042 0.089063 0.135417
7 0.577344 0.097917 0.095312 0.129167
0 0.210156 0.232292 0.142187 0.181250
1 0.396875 0.255208 0.146875 0.177083
2 0.575000 0.278125 0.137500 0.185417
3 0.186719 0.479167 0.135937 0.191667
4 0.382812 0.497917 0.153125 0.195833
5 0.564844 0.504167 0.142187 0.187500
6 0.180469 0.723958 0.142187 0.197917
7 0.380469 0.733333 0.132812 0.187500
8 0.548438 0.744792 0.137500 0.172917
