5 0.189844 0.083333 0.098437 0.137500
6 0.288281 0.090625 0.092188 0.139583
0 0.380469 0.090625 0.092188 0.118750
2 0.466406 0.094792 0.089063 0.122917
7 0.560156 0.103125 0.098437 0.127083
0 0.192969 0.253125 0.145313 0.177083
1 0.376563 0.272917 0.150000 0.195833
2 0.555469 0.293750 0.151562 0.187500
3 0.173437 0.492708 0.162500 0.193750
4 0.359375 0.512500 0.159375 0.216667
5 0.550781 0.520833 0.148438 0.200000
6 0.166406 0.736458 0.154688 0.202083
7 0.371875 0.746875 0.153125 0.189583
8 0.543750 0.759375 0.137500 0.177083
