5 0.248438 0.092708 0.090625 0.118750
6 0.338281 0.095833 0.092188 0.116667
0 0.432812 0.094792 0.090625 0.122917
2 0.525000 0.094792 0.093750 0.114583
7 0.610156 0.097917 0.098437 0.125000
0 0.253906 0.261458 0.139063 0.172917
1 0.434375 0.273958 0.143750 0.189583
2 0.609375 0.285417 0.143750 0.183333
3 0.244531 0.503125 0.148438 0.189583
4 0.426563 0.508333 0.143750 0.191667
5 0.609375 0.514583 0.150000 0.187500
6 0.238281 0.743750 0.145313 0.183333
7 0.432031 0.748958 0.142187 0.185417
8 0.607812 0.758333 0.140625 0.187500
