5 0.304688 0.106250 0.090625 0.125000
6 0.396094 0.103125 0.085938 0.114583
0 0.490625 0.097917 0.087500 0.116667
2 0.577344 0.098958 0.079687 0.114583
7 0.667969 0.101042 0.085938 0.118750
0 0.307812 0.272917 0.137500 0.179167
1 0.494531 0.278125 0.135937 0.172917
2 0.669531 0.290625 0.139063 0.185417
3 0.303906 0.509375 0.135937 0.189583
4 0.489063 0.510417 0.143750 0.183333
5 0.667188 0.518750 0.140625 0.200000
6 0.297656 0.746875 0.142187 0.189583
7 0.495312 0.753125 0.150000 0.189583
8 0.665625 0.760417 0.143750 0.179167
