5 0.320312 0.121875 0.093750 0.131250
6 0.411719 0.121875 0.095312 0.118750
0 0.508594 0.112500 0.089063 0.129167
2 0.588281 0.111458 0.095312 0.135417
7 0.680469 0.113542 0.089063 0.131250
0 0.327344 0.288542 0.126562 0.177083
1 0.506250 0.287500 0.140625 0.175000
2 0.685156 0.297917 0.148438 0.179167
3 0.314063 0.517708 0.137500 0.181250
4 0.497656 0.521875 0.145313 0.181250
5 0.684375 0.528125 0.146875 0.177083
6 0.321875 0.763542 0.150000 0.210417
7 0.505469 0.765625 0.142187 0.189583
8 0.683594 0.771875 0.142187 0.189583
