5 0.333594 0.130208 0.085938 0.118750
6 0.424219 0.134375 0.092188 0.118750
0 0.517969 0.127083 0.089063 0.108333
2 0.606250 0.126042 0.084375 0.118750
7 0.694531 0.119792 0.089063 0.122917
0 0.337500 0.296875 0.131250 0.185417
1 0.519531 0.305208 0.139063 0.172917
2 0.697656 0.311458 0.142187 0.177083
3 0.332031 0.534375 0.135937 0.177083
4 0.514062 0.538542 0.137500 0.189583
5 0.696875 0.541667 0.150000 0.187500
6 0.331250 0.782292 0.143750 0.193750
7 0.522656 0.780208 0.135937 0.185417
8 0.695312 0.791667 0.150000 0.187500
