0 0.341406 0.363542 0.120313 0.156250
1 0.520312 0.369792 0.118750 0.152083
2 0.697656 0.386458 0.126562 0.152083
3 0.328906 0.594792 0.123438 0.185417
4 0.511719 0.605208 0.126562 0.177083
5 0.693750 0.615625 0.128125 0.172917
6 0.318750 0.842708 0.134375 0.185417
7 0.511719 0.848958 0.117188 0.172917
8 0.685937 0.869792 0.137500 0.168750
5 0.346094 0.198958 0.082812 0.102083
6 0.431250 0.198958 0.078125 0.097917
0 0.525000 0.198958 0.078125 0.102083
2 0.610938 0.198958 0.078125 0.102083
7 0.697656 0.204167 0.079687 0.104167
