0 0.344531 0.378125 0.120313 0.156250
1 0.521875 0.390625 0.118750 0.152083
2 0.699219 0.407292 0.126562 0.152083
3 0.329688 0.612500 0.125000 0.179167
4 0.509375 0.620833 0.125000 0.158333
5 0.695312 0.632292 0.128125 0.172917
6 0.317188 0.848958 0.134375 0.185417
7 0.511719 0.859375 0.117188 0.172917
8 0.687500 0.878125 0.137500 0.168750
5 0.347656 0.217708 0.082812 0.102083
6 0.429688 0.217708 0.078125 0.097917
0 0.525000 0.219792 0.078125 0.102083
2 0.610938 0.215625 0.078125 0.102083
7 0.699219 0.218750 0.079687 0.104167
