0 0.330469 0.382292 0.120313 0.156250
1 0.510938 0.396875 0.118750 0.152083
2 0.688281 0.415625 0.126562 0.152083
3 0.310937 0.618750 0.125000 0.179167
4 0.492188 0.633333 0.125000 0.158333
5 0.679688 0.646875 0.128125 0.172917
6 0.295312 0.863542 0.134375 0.185417
7 0.497656 0.873958 0.117188 0.172917
8 0.670312 0.892708 0.137500 0.168750
5 0.339844 0.223958 0.082812 0.102083
6 0.425000 0.228125 0.078125 0.097917
0 0.515625 0.230208 0.078125 0.102083
2 0.603125 0.228125 0.078125 0.102083
7 0.691406 0.239583 0.079687 0.104167
