0 0.322656 0.311458 0.120313 0.156250
1 0.500000 0.332292 0.118750 0.152083
2 0.678906 0.351042 0.126562 0.152083
3 0.302344 0.540625 0.126562 0.168750
4 0.489063 0.558333 0.125000 0.158333
5 0.672656 0.580208 0.120313 0.164583
6 0.292187 0.786458 0.125000 0.168750
7 0.488281 0.793750 0.126562 0.179167
8 0.659375 0.819792 0.137500 0.168750
5 0.327344 0.161458 0.082812 0.102083
6 0.417187 0.161458 0.078125 0.097917
0 0.505469 0.163542 0.070312 0.093750
2 0.593750 0.169792 0.078125 0.102083
7 0.677344 0.175000 0.079687 0.104167
