0 0.302344 0.388542 0.120313 0.156250
1 0.482812 0.396875 0.118750 0.152083
2 0.655469 0.417708 0.126562 0.152083
3 0.285156 0.611458 0.126562 0.168750
4 0.465625 0.627083 0.125000 0.158333
5 0.647656 0.636458 0.120313 0.164583
6 0.275000 0.851042 0.125000 0.168750
7 0.469531 0.870833 0.126562 0.179167
8 0.643750 0.880208 0.137500 0.168750
5 0.310156 0.223958 0.082812 0.102083
6 0.395313 0.230208 0.078125 0.097917
0 0.483594 0.230208 0.070312 0.093750
2 0.573438 0.230208 0.078125 0.102083
7 0.653906 0.235417 0.079687 0.104167
