0 0.316406 0.353125 0.120313 0.156250
1 0.490625 0.361458 0.118750 0.152083
2 0.663281 0.380208 0.126562 0.152083
3 0.296094 0.572917 0.126562 0.170833
4 0.477344 0.587500 0.132812 0.162500
5 0.657813 0.598958 0.128125 0.172917
6 0.282031 0.820833 0.123438 0.170833
7 0.478125 0.834375 0.118750 0.160417
8 0.651563 0.853125 0.137500 0.168750
5 0.319531 0.195833 0.073438 0.095833
6 0.406250 0.201042 0.078125 0.097917
0 0.492969 0.197917 0.073438 0.095833
2 0.578125 0.205208 0.078125 0.102083
7 0.660156 0.206250 0.079687 0.104167
