0 0.316406 0.369792 0.120313 0.156250
1 0.490625 0.378125 0.118750 0.152083
2 0.660156 0.396875 0.126562 0.152083
3 0.294531 0.597917 0.126562 0.170833
4 0.478906 0.606250 0.132812 0.162500
5 0.657813 0.621875 0.128125 0.172917
6 0.280469 0.837500 0.123438 0.170833
7 0.476562 0.844792 0.118750 0.160417
8 0.651563 0.863542 0.137500 0.168750
5 0.316406 0.214583 0.073438 0.095833
6 0.401562 0.217708 0.078125 0.097917
0 0.491406 0.214583 0.073438 0.095833
2 0.576562 0.221875 0.078125 0.102083
7 0.661719 0.222917 0.079687 0.104167
