0 0.316406 0.369792 0.120313 0.156250
1 0.471875 0.367708 0.118750 0.152083
2 0.642969 0.378125 0.126562 0.152083
3 0.283594 0.577083 0.126562 0.170833
4 0.463281 0.589583 0.132812 0.162500
5 0.645312 0.601042 0.128125 0.172917
6 0.264844 0.818750 0.123438 0.170833
7 0.468750 0.830208 0.118750 0.160417
8 0.639062 0.842708 0.137500 0.168750
5 0.300781 0.193750 0.073438 0.095833
6 0.389062 0.201042 0.078125 0.097917
0 0.480469 0.202083 0.073438 0.095833
2 0.564063 0.203125 0.078125 0.102083
7 0.647656 0.206250 0.079687 0.104167
