0 0.308594 0.230208 0.120313 0.156250
1 0.485938 0.246875 0.118750 0.152083
2 0.667969 0.259375 0.126562 0.152083
3 0.294531 0.464583 0.126562 0.170833
4 0.471094 0.470833 0.132812 0.162500
5 0.657813 0.482292 0.128125 0.172917
6 0.286719 0.700000 0.123438 0.170833
7 0.478906 0.706250 0.123438 0.166667
8 0.654687 0.719792 0.137500 0.168750
5 0.307031 0.068750 0.073438 0.095833
6 0.396875 0.072917 0.078125 0.100000
0 0.485156 0.072917 0.073438 0.095833
2 0.573438 0.075000 0.078125 0.104167
7 0.657031 0.077083 0.079687 0.104167
