0 0.280469 0.323958 0.120313 0.156250
1 0.459375 0.336458 0.118750 0.152083
2 0.632031 0.357292 0.126562 0.152083
3 0.260156 0.556250 0.126562 0.170833
4 0.446094 0.563542 0.126562 0.156250
5 0.625000 0.576042 0.128125 0.172917
6 0.250781 0.797917 0.123438 0.170833
7 0.449219 0.802083 0.123438 0.166667
8 0.623437 0.819792 0.137500 0.168750
5 0.278906 0.164583 0.073438 0.095833
6 0.367188 0.170833 0.078125 0.100000
0 0.457031 0.168750 0.073438 0.095833
2 0.542188 0.175000 0.078125 0.104167
7 0.625781 0.181250 0.079687 0.104167
