0 0.271094 0.386458 0.120313 0.156250
1 0.450000 0.401042 0.118750 0.152083
2 0.624219 0.423958 0.126562 0.152083
3 0.253906 0.618750 0.126562 0.170833
4 0.438281 0.626042 0.126562 0.156250
5 0.621875 0.638542 0.128125 0.172917
6 0.246094 0.858333 0.123438 0.170833
7 0.439844 0.868750 0.123438 0.166667
8 0.614062 0.882292 0.137500 0.168750
5 0.274219 0.233333 0.073438 0.095833
6 0.364063 0.241667 0.078125 0.100000
0 0.453906 0.243750 0.073438 0.095833
2 0.540625 0.241667 0.078125 0.104167
7 0.621094 0.241667 0.079687 0.104167
