0 0.222656 0.384375 0.120313 0.156250
1 0.401562 0.390625 0.118750 0.152083
2 0.586719 0.405208 0.126562 0.152083
3 0.205469 0.618750 0.126562 0.170833
4 0.389844 0.619792 0.126562 0.156250
5 0.575000 0.636458 0.128125 0.172917
6 0.194531 0.858333 0.123438 0.170833
7 0.399219 0.866667 0.123438 0.166667
8 0.568750 0.873958 0.128125 0.177083
5 0.232031 0.222917 0.073438 0.095833
6 0.318750 0.233333 0.078125 0.100000
0 0.405469 0.223958 0.079687 0.097917
2 0.493750 0.229167 0.078125 0.104167
7 0.577344 0.239583 0.079687 0.104167
