0 0.135156 0.361458 0.120313 0.156250
1 0.320312 0.373958 0.118750 0.152083
2 0.500781 0.392708 0.126562 0.152083
3 0.121094 0.591667 0.126562 0.170833
4 0.310156 0.605208 0.126562 0.156250
5 0.496875 0.613542 0.128125 0.172917
6 0.103906 0.852083 0.123438 0.170833
7 0.308594 0.847917 0.123438 0.166667
8 0.481250 0.863542 0.128125 0.177083
5 0.141406 0.197917 0.073438 0.095833
6 0.232813 0.208333 0.078125 0.100000
0 0.327344 0.207292 0.079687 0.097917
2 0.415625 0.210417 0.078125 0.104167
7 0.494531 0.216667 0.079687 0.104167
