0 0.153906 0.384375 0.120313 0.156250
1 0.337500 0.386458 0.118750 0.152083
2 0.511719 0.407292 0.126562 0.152083
3 0.146094 0.616667 0.126562 0.170833
4 0.335156 0.617708 0.126562 0.156250
5 0.509375 0.626042 0.128125 0.172917
6 0.137500 0.855208 0.137500 0.181250
7 0.339844 0.856250 0.123438 0.166667
8 0.510938 0.865625 0.128125 0.177083
5 0.157031 0.219792 0.085938 0.106250
6 0.245312 0.225000 0.078125 0.100000
0 0.336719 0.219792 0.079687 0.097917
2 0.421875 0.229167 0.078125 0.104167
7 0.516406 0.233333 0.079687 0.104167
