0 0.213281 0.326042 0.120313 0.156250
1 0.390625 0.328125 0.118750 0.152083
2 0.558594 0.336458 0.126562 0.152083
3 0.196094 0.554167 0.126562 0.170833
4 0.383594 0.555208 0.126562 0.156250
5 0.557813 0.565625 0.128125 0.172917
6 0.184375 0.798958 0.137500 0.181250
7 0.385156 0.797917 0.123438 0.166667
8 0.559375 0.807292 0.128125 0.177083
5 0.203906 0.159375 0.085938 0.106250
6 0.296875 0.162500 0.078125 0.100000
0 0.383594 0.161458 0.079687 0.097917
2 0.475000 0.158333 0.078125 0.104167
7 0.561719 0.164583 0.079687 0.104167
