0 0.396094 0.332292 0.120313 0.156250
1 0.571875 0.338542 0.118750 0.152083
2 0.739844 0.346875 0.126562 0.152083
3 0.385156 0.557292 0.114062 0.160417
4 0.566406 0.565625 0.126562 0.156250
5 0.746875 0.573958 0.128125 0.172917
6 0.376563 0.796875 0.125000 0.177083
7 0.566406 0.804167 0.123438 0.166667
8 0.737500 0.813542 0.128125 0.177083
5 0.396094 0.176042 0.082812 0.102083
6 0.473438 0.176042 0.078125 0.097917
0 0.565625 0.171875 0.075000 0.097917
2 0.651563 0.170833 0.071875 0.104167
7 0.738281 0.164583 0.079687 0.104167
