0 0.463281 0.326042 0.120313 0.156250
1 0.642188 0.328125 0.118750 0.152083
2 0.814844 0.334375 0.126562 0.152083
3 0.457031 0.548958 0.114062 0.160417
4 0.638281 0.555208 0.126562 0.156250
5 0.809375 0.563542 0.128125 0.172917
6 0.446875 0.788542 0.125000 0.177083
7 0.639844 0.789583 0.123438 0.166667
8 0.817187 0.807292 0.128125 0.177083
5 0.463281 0.165625 0.082812 0.102083
6 0.545312 0.165625 0.078125 0.097917
0 0.631250 0.157292 0.075000 0.097917
2 0.721875 0.154167 0.071875 0.104167
7 0.803906 0.156250 0.079687 0.104167
