0 0.477344 0.319792 0.120313 0.156250
1 0.651563 0.326042 0.118750 0.152083
2 0.827344 0.332292 0.126562 0.152083
3 0.463281 0.548958 0.114062 0.160417
4 0.646094 0.553125 0.126562 0.156250
5 0.828125 0.559375 0.128125 0.172917
6 0.465625 0.786458 0.125000 0.177083
7 0.649219 0.787500 0.123438 0.166667
8 0.825000 0.807292 0.128125 0.177083
5 0.473438 0.163542 0.075000 0.102083
6 0.556250 0.163542 0.078125 0.097917
0 0.650000 0.157292 0.075000 0.097917
2 0.729688 0.154167 0.071875 0.104167
7 0.821094 0.154167 0.079687 0.104167
