0 0.510156 0.326042 0.120313 0.156250
1 0.692187 0.323958 0.118750 0.152083
2 0.866406 0.336458 0.126562 0.152083
3 0.502344 0.551042 0.114062 0.160417
4 0.682031 0.555208 0.126562 0.156250
5 0.865625 0.565625 0.128125 0.172917
6 0.495312 0.784375 0.125000 0.177083
7 0.691406 0.793750 0.123438 0.166667
8 0.864062 0.815625 0.128125 0.177083
5 0.509375 0.173958 0.075000 0.102083
6 0.595313 0.169792 0.078125 0.097917
0 0.682813 0.159375 0.075000 0.097917
2 0.771875 0.154167 0.071875 0.104167
7 0.860156 0.154167 0.079687 0.104167
