0 0.458594 0.282292 0.120313 0.156250
1 0.629687 0.280208 0.118750 0.152083
2 0.808594 0.288542 0.126562 0.152083
3 0.447656 0.509375 0.114062 0.160417
4 0.630469 0.509375 0.126562 0.156250
5 0.809375 0.519792 0.128125 0.172917
6 0.440625 0.744792 0.125000 0.177083
7 0.633594 0.750000 0.123438 0.166667
8 0.801562 0.763542 0.128125 0.177083
5 0.453125 0.119792 0.075000 0.102083
6 0.539062 0.117708 0.078125 0.097917
0 0.631250 0.117708 0.075000 0.097917
2 0.718750 0.112500 0.071875 0.104167
7 0.802344 0.108333 0.079687 0.104167
