0 0.379688 0.276042 0.121875 0.156250
1 0.554688 0.277083 0.115625 0.154167
2 0.728125 0.288542 0.128125 0.152083
3 0.367969 0.505208 0.123438 0.168750
4 0.548438 0.501042 0.121875 0.168750
5 0.728906 0.509375 0.123438 0.160417
6 0.364844 0.737500 0.123438 0.170833
7 0.553906 0.740625 0.123438 0.164583
8 0.725000 0.755208 0.131250 0.164583
5 0.377344 0.114583 0.079687 0.095833
6 0.462500 0.115625 0.075000 0.097917
0 0.552344 0.107292 0.076563 0.097917
2 0.638281 0.107292 0.076563 0.097917
7 0.725781 0.105208 0.076563 0.102083
