0 0.342187 0.265625 0.121875 0.156250
1 0.521875 0.270833 0.115625 0.154167
2 0.693750 0.282292 0.118750 0.147917
3 0.335156 0.491667 0.123438 0.162500
4 0.512500 0.497917 0.125000 0.158333
5 0.696094 0.503125 0.123438 0.160417
6 0.325781 0.734375 0.126562 0.168750
7 0.521094 0.736458 0.123438 0.164583
8 0.690625 0.746875 0.125000 0.168750
5 0.341406 0.100000 0.079687 0.095833
6 0.429688 0.109375 0.075000 0.097917
0 0.519531 0.101042 0.076563 0.097917
2 0.605469 0.101042 0.076563 0.097917
7 0.692969 0.103125 0.076563 0.102083
