0 0.357812 0.268750 0.121875 0.162500
9 0.534375 0.264583 0.121875 0.154167
2 0.698438 0.279167 0.118750 0.150000
3 0.342187 0.493750 0.121875 0.158333
4 0.521875 0.490625 0.125000 0.160417
5 0.700000 0.490625 0.121875 0.168750
6 0.341406 0.708333 0.126562 0.179167
7 0.523438 0.722917 0.131250 0.166667
8 0.693750 0.727083 0.125000 0.166667
5 0.355469 0.116667 0.079687 0.095833
6 0.437500 0.114583 0.078125 0.100000
0 0.528125 0.107292 0.081250 0.106250
2 0.608594 0.105208 0.076563 0.097917
7 0.694531 0.101042 0.079687 0.106250
