0 0.360156 0.288542 0.117188 0.147917
9 0.531250 0.272917 0.121875 0.154167
2 0.698438 0.279167 0.118750 0.150000
3 0.342187 0.491667 0.121875 0.158333
4 0.518750 0.496875 0.125000 0.160417
5 0.696875 0.503125 0.121875 0.168750
6 0.338281 0.722917 0.126562 0.179167
7 0.528125 0.727083 0.131250 0.166667
8 0.692187 0.743750 0.125000 0.166667
5 0.358594 0.131250 0.079687 0.095833
6 0.437500 0.127083 0.078125 0.100000
0 0.525781 0.118750 0.076563 0.100000
2 0.610156 0.117708 0.076563 0.097917
7 0.693750 0.112500 0.078125 0.108333
