0 0.348438 0.396875 0.121875 0.152083
9 0.525781 0.405208 0.114062 0.152083
2 0.687500 0.423958 0.118750 0.152083
3 0.331250 0.621875 0.121875 0.164583
4 0.510938 0.631250 0.125000 0.166667
5 0.676562 0.647917 0.121875 0.175000
6 0.317969 0.845833 0.132812 0.175000
7 0.503125 0.866667 0.125000 0.170833
8 0.667188 0.883333 0.128125 0.170833
5 0.353125 0.238542 0.075000 0.102083
6 0.437500 0.245833 0.075000 0.104167
0 0.525000 0.242708 0.075000 0.102083
2 0.603906 0.248958 0.073438 0.097917
7 0.690625 0.253125 0.078125 0.097917
