0 0.350000 0.203125 0.121875 0.152083
9 0.535156 0.211458 0.114062 0.152083
2 0.695312 0.236458 0.118750 0.152083
3 0.346875 0.431250 0.121875 0.166667
4 0.521875 0.436458 0.125000 0.168750
5 0.687500 0.455208 0.121875 0.177083
6 0.338281 0.647917 0.132812 0.175000
7 0.515625 0.656250 0.125000 0.170833
8 0.681250 0.691667 0.128125 0.170833
5 0.350000 0.048958 0.075000 0.093750
6 0.440625 0.053125 0.075000 0.102083
0 0.526563 0.052083 0.078125 0.100000
2 0.612500 0.052083 0.071875 0.100000
7 0.700000 0.050000 0.078125 0.095833
