0 0.342187 0.283333 0.121875 0.158333
9 0.519531 0.267708 0.114062 0.152083
2 0.684375 0.283333 0.118750 0.154167
3 0.337500 0.500000 0.121875 0.166667
4 0.509375 0.498958 0.125000 0.168750
5 0.681250 0.505208 0.121875 0.177083
6 0.346094 0.729167 0.132812 0.175000
7 0.525000 0.725000 0.125000 0.170833
8 0.681250 0.720833 0.128125 0.170833
5 0.330469 0.114583 0.079687 0.104167
6 0.418750 0.113542 0.075000 0.102083
0 0.506250 0.105208 0.078125 0.102083
2 0.593750 0.097917 0.071875 0.100000
7 0.678125 0.093750 0.078125 0.095833
