0 0.320312 0.289583 0.121875 0.158333
9 0.500781 0.284375 0.114062 0.152083
2 0.660937 0.291667 0.118750 0.154167
3 0.321875 0.514583 0.121875 0.166667
4 0.496875 0.513542 0.125000 0.168750
5 0.665625 0.511458 0.121875 0.177083
6 0.330469 0.735417 0.132812 0.175000
7 0.507812 0.741667 0.125000 0.170833
8 0.657813 0.741667 0.128125 0.170833
5 0.314844 0.125000 0.079687 0.104167
6 0.395313 0.126042 0.075000 0.102083
0 0.485938 0.111458 0.078125 0.102083
2 0.571875 0.106250 0.071875 0.100000
7 0.657813 0.106250 0.078125 0.095833
