0 0.307812 0.312500 0.121875 0.158333
9 0.488281 0.301042 0.114062 0.152083
2 0.651563 0.300000 0.118750 0.154167
3 0.310937 0.539583 0.121875 0.166667
4 0.490625 0.534375 0.125000 0.168750
5 0.656250 0.530208 0.121875 0.177083
6 0.317969 0.762500 0.132812 0.175000
7 0.498437 0.752083 0.125000 0.170833
8 0.662500 0.752083 0.128125 0.170833
5 0.296094 0.150000 0.079687 0.104167
6 0.385937 0.142708 0.075000 0.102083
0 0.475781 0.129167 0.076563 0.108333
2 0.560937 0.127083 0.071875 0.100000
7 0.646875 0.125000 0.078125 0.095833
