0 0.350000 0.341667 0.121875 0.158333
9 0.524219 0.346875 0.114062 0.152083
2 0.685937 0.362500 0.118750 0.154167
3 0.343750 0.578125 0.121875 0.168750
4 0.517188 0.584375 0.125000 0.168750
5 0.679688 0.582292 0.121875 0.177083
6 0.339062 0.781250 0.131250 0.162500
7 0.515625 0.793750 0.125000 0.170833
8 0.670312 0.809375 0.125000 0.156250
5 0.344531 0.183333 0.079687 0.104167
6 0.430469 0.182292 0.076563 0.102083
0 0.519531 0.168750 0.076563 0.108333
2 0.603125 0.175000 0.071875 0.100000
7 0.687500 0.179167 0.078125 0.095833
