0 0.353125 0.302083 0.121875 0.158333
9 0.536719 0.305208 0.114062 0.152083
2 0.701562 0.325000 0.118750 0.154167
3 0.343750 0.529167 0.121875 0.170833
4 0.523438 0.546875 0.125000 0.168750
5 0.696875 0.559375 0.121875 0.177083
6 0.338281 0.754167 0.132812 0.162500
7 0.526563 0.764583 0.125000 0.170833
8 0.689063 0.784375 0.125000 0.156250
5 0.352344 0.139583 0.079687 0.104167
6 0.438281 0.136458 0.076563 0.102083
0 0.528906 0.131250 0.076563 0.108333
2 0.617188 0.135417 0.071875 0.100000
7 0.704688 0.135417 0.078125 0.095833
