0 0.361719 0.268750 0.123438 0.158333
9 0.549219 0.265625 0.114062 0.152083
2 0.718750 0.283333 0.118750 0.154167
3 0.350000 0.491667 0.121875 0.170833
4 0.528125 0.511458 0.125000 0.168750
5 0.707812 0.517708 0.121875 0.177083
6 0.346094 0.729167 0.132812 0.162500
7 0.529687 0.735417 0.125000 0.170833
8 0.701562 0.753125 0.125000 0.156250
5 0.357031 0.089583 0.079687 0.104167
6 0.447656 0.092708 0.076563 0.102083
0 0.544531 0.089583 0.076563 0.108333
2 0.631250 0.087500 0.071875 0.100000
7 0.723437 0.091667 0.078125 0.095833
