0 0.255469 0.325000 0.139063 0.170833
9 0.464062 0.313542 0.137500 0.172917
2 0.650781 0.326042 0.145313 0.185417
3 0.246094 0.576042 0.129688 0.185417
4 0.448437 0.581250 0.131250 0.179167
5 0.647656 0.581250 0.135937 0.187500
6 0.250000 0.836458 0.137500 0.177083
7 0.462500 0.839583 0.137500 0.179167
8 0.644531 0.846875 0.145313 0.177083
5 0.250000 0.135417 0.087500 0.120833
6 0.352344 0.135417 0.092188 0.116667
0 0.452344 0.123958 0.089063 0.122917
2 0.547656 0.122917 0.085938 0.116667
7 0.646094 0.117708 0.085938 0.118750
