0 0.173437 0.289583 0.143750 0.195833
9 0.389844 0.294792 0.139063 0.189583
2 0.582031 0.314583 0.145313 0.195833
3 0.159375 0.554167 0.146875 0.200000
4 0.368750 0.564583 0.140625 0.191667
5 0.576562 0.572917 0.143750 0.204167
6 0.156250 0.821875 0.140625 0.189583
7 0.370312 0.820833 0.137500 0.179167
8 0.566406 0.848958 0.145313 0.177083
5 0.172656 0.091667 0.092188 0.120833
6 0.278906 0.102083 0.092188 0.125000
0 0.385937 0.093750 0.090625 0.116667
2 0.480469 0.092708 0.092188 0.118750
7 0.587500 0.107292 0.090625 0.122917
