0 0.382031 0.317708 0.148438 0.193750
9 0.585938 0.303125 0.140625 0.185417
2 0.774219 0.306250 0.142187 0.179167
3 0.379688 0.571875 0.153125 0.197917
4 0.580469 0.570833 0.139063 0.195833
5 0.780469 0.569792 0.139063 0.193750
6 0.384375 0.829167 0.150000 0.191667
7 0.596875 0.823958 0.146875 0.185417
8 0.782031 0.838542 0.148438 0.177083
5 0.373437 0.133333 0.100000 0.125000
6 0.472656 0.128125 0.089063 0.122917
0 0.577344 0.109375 0.082812 0.122917
2 0.673438 0.106250 0.096875 0.112500
7 0.768750 0.096875 0.096875 0.122917
