0 0.435156 0.321875 0.148438 0.193750
9 0.640625 0.307292 0.140625 0.185417
2 0.828906 0.316667 0.142187 0.179167
3 0.430469 0.569792 0.154688 0.197917
4 0.622656 0.570833 0.139063 0.195833
5 0.828906 0.567708 0.139063 0.193750
6 0.426563 0.825000 0.150000 0.191667
7 0.637500 0.828125 0.146875 0.185417
8 0.830469 0.840625 0.148438 0.177083
5 0.423438 0.129167 0.100000 0.125000
6 0.516406 0.128125 0.089063 0.122917
0 0.621094 0.111458 0.082812 0.122917
2 0.724219 0.102083 0.092188 0.129167
7 0.822656 0.104167 0.095312 0.125000
