0 0.480469 0.276042 0.148438 0.193750
9 0.685937 0.278125 0.140625 0.185417
2 0.886719 0.289583 0.142187 0.179167
3 0.472656 0.536458 0.154688 0.197917
4 0.674219 0.536458 0.139063 0.197917
5 0.875781 0.548958 0.139063 0.193750
6 0.468750 0.789583 0.150000 0.191667
7 0.678125 0.798958 0.146875 0.185417
8 0.867969 0.817708 0.148438 0.177083
5 0.484375 0.086458 0.100000 0.127083
6 0.577344 0.087500 0.089063 0.125000
0 0.682813 0.078125 0.090625 0.118750
2 0.782031 0.073958 0.092188 0.127083
7 0.886719 0.068750 0.095312 0.125000
