0 0.453906 0.301042 0.148438 0.193750
9 0.660937 0.296875 0.140625 0.185417
2 0.853906 0.327083 0.142187 0.179167
3 0.441406 0.559375 0.154688 0.197917
4 0.642969 0.563542 0.139063 0.197917
5 0.847656 0.569792 0.139063 0.193750
6 0.448437 0.814583 0.150000 0.191667
7 0.650000 0.823958 0.146875 0.185417
8 0.838281 0.848958 0.148438 0.177083
5 0.456250 0.121875 0.100000 0.127083
6 0.550781 0.120833 0.089063 0.125000
0 0.653125 0.113542 0.090625 0.118750
2 0.752344 0.111458 0.092188 0.127083
7 0.853906 0.102083 0.095312 0.125000
