0 0.300781 0.315625 0.148438 0.193750
9 0.496875 0.311458 0.140625 0.185417
2 0.676562 0.345833 0.143750 0.179167
3 0.289844 0.569792 0.154688 0.197917
4 0.481250 0.571875 0.140625 0.197917
5 0.674219 0.580208 0.139063 0.193750
6 0.290625 0.825000 0.150000 0.191667
7 0.490625 0.828125 0.146875 0.185417
8 0.667969 0.838542 0.148438 0.177083
5 0.295312 0.140625 0.100000 0.127083
6 0.387500 0.137500 0.090625 0.125000
0 0.490625 0.132292 0.090625 0.118750
2 0.583594 0.132292 0.092188 0.127083
7 0.680469 0.131250 0.095312 0.125000
