0 0.341406 0.340625 0.148438 0.193750
9 0.521875 0.346875 0.140625 0.185417
2 0.690625 0.364583 0.146875 0.200000
3 0.333594 0.559375 0.154688 0.197917
4 0.515625 0.569792 0.140625 0.197917
5 0.686719 0.590625 0.139063 0.193750
6 0.326562 0.785417 0.150000 0.191667
7 0.514062 0.796875 0.146875 0.185417
8 0.677344 0.817708 0.148438 0.177083
5 0.340625 0.173958 0.100000 0.127083
6 0.431250 0.175000 0.090625 0.125000
0 0.521875 0.173958 0.090625 0.118750
2 0.607031 0.180208 0.092188 0.127083
7 0.692969 0.183333 0.095312 0.125000
