0 0.391406 0.336458 0.148438 0.193750
9 0.567187 0.348958 0.140625 0.185417
2 0.734375 0.347917 0.146875 0.200000
3 0.383594 0.554167 0.154688 0.200000
4 0.553125 0.565625 0.140625 0.197917
5 0.724219 0.571875 0.139063 0.193750
6 0.365625 0.772917 0.150000 0.191667
7 0.565625 0.786458 0.146875 0.185417
8 0.721094 0.803125 0.148438 0.177083
5 0.387500 0.157292 0.100000 0.127083
6 0.480469 0.165625 0.095312 0.102083
0 0.565625 0.169792 0.090625 0.114583
2 0.655469 0.170833 0.085938 0.116667
7 0.732812 0.170833 0.084375 0.116667
