0 0.398438 0.339583 0.125000 0.162500
9 0.575000 0.344792 0.131250 0.172917
2 0.736719 0.360417 0.135937 0.187500
3 0.383594 0.563542 0.129688 0.168750
4 0.552344 0.566667 0.123438 0.175000
5 0.726562 0.583333 0.131250 0.170833
6 0.375781 0.777083 0.126562 0.170833
7 0.553125 0.779167 0.121875 0.166667
8 0.718750 0.806250 0.115625 0.170833
5 0.400781 0.187500 0.092188 0.116667
6 0.483594 0.183333 0.079687 0.095833
0 0.570312 0.183333 0.075000 0.100000
2 0.657031 0.181250 0.085938 0.116667
7 0.735938 0.184375 0.071875 0.102083
