0 0.356250 0.337500 0.125000 0.162500
9 0.529687 0.342708 0.131250 0.172917
2 0.686719 0.362500 0.135937 0.187500
3 0.344531 0.546875 0.129688 0.168750
4 0.503906 0.564583 0.123438 0.175000
5 0.681250 0.577083 0.131250 0.170833
6 0.335156 0.768750 0.126562 0.170833
7 0.515625 0.779167 0.121875 0.166667
8 0.671875 0.797917 0.115625 0.170833
5 0.350781 0.179167 0.092188 0.116667
6 0.435156 0.181250 0.079687 0.095833
0 0.525000 0.172917 0.075000 0.100000
2 0.603906 0.177083 0.085938 0.116667
7 0.689063 0.182292 0.071875 0.102083
