0 0.268750 0.256250 0.125000 0.162500
9 0.451562 0.269792 0.131250 0.172917
2 0.610156 0.297917 0.135937 0.187500
3 0.263281 0.483333 0.129688 0.170833
4 0.430469 0.484375 0.123438 0.177083
5 0.596875 0.500000 0.131250 0.170833
6 0.249219 0.700000 0.126562 0.170833
7 0.426563 0.714583 0.121875 0.166667
8 0.589063 0.729167 0.115625 0.170833
5 0.269531 0.102083 0.092188 0.116667
6 0.357031 0.104167 0.079687 0.095833
0 0.443750 0.108333 0.075000 0.100000
2 0.529687 0.105208 0.078125 0.102083
7 0.611719 0.112500 0.076563 0.108333
