0 0.207813 0.231250 0.125000 0.162500
9 0.390625 0.240625 0.131250 0.172917
2 0.553906 0.264583 0.135937 0.187500
3 0.200781 0.464583 0.129688 0.170833
4 0.364844 0.463542 0.123438 0.177083
5 0.546875 0.489583 0.131250 0.170833
6 0.189844 0.681250 0.126562 0.170833
7 0.370312 0.681250 0.121875 0.166667
8 0.531250 0.710417 0.115625 0.170833
5 0.208594 0.063542 0.082812 0.114583
6 0.301563 0.077083 0.078125 0.112500
0 0.386719 0.072917 0.076563 0.108333
2 0.471875 0.073958 0.078125 0.102083
7 0.553906 0.091667 0.076563 0.108333
