0 0.178125 0.236458 0.125000 0.164583
9 0.365625 0.248958 0.131250 0.172917
2 0.525781 0.272917 0.135937 0.187500
3 0.172656 0.477083 0.129688 0.170833
4 0.344531 0.476042 0.123438 0.177083
5 0.521875 0.491667 0.131250 0.170833
6 0.163281 0.695833 0.126562 0.170833
7 0.353125 0.700000 0.121875 0.166667
8 0.509375 0.710417 0.115625 0.170833
5 0.182031 0.078125 0.082812 0.114583
6 0.270313 0.084375 0.078125 0.114583
0 0.360156 0.075000 0.076563 0.108333
2 0.446875 0.090625 0.078125 0.102083
7 0.528906 0.091667 0.076563 0.108333
