0 0.192188 0.276042 0.125000 0.164583
9 0.375000 0.298958 0.131250 0.172917
2 0.532031 0.312500 0.135937 0.187500
3 0.182031 0.504167 0.129688 0.170833
4 0.355469 0.507292 0.123438 0.177083
5 0.526563 0.529167 0.131250 0.170833
6 0.163281 0.708333 0.126562 0.170833
7 0.357812 0.745833 0.121875 0.166667
8 0.514062 0.750000 0.115625 0.170833
5 0.186719 0.111458 0.082812 0.114583
6 0.279687 0.121875 0.078125 0.114583
0 0.369531 0.125000 0.076563 0.108333
2 0.450000 0.123958 0.078125 0.102083
7 0.533594 0.131250 0.076563 0.108333
