0 0.207813 0.321875 0.125000 0.164583
9 0.385937 0.326042 0.131250 0.172917
2 0.546094 0.347917 0.135937 0.187500
3 0.199219 0.547917 0.129688 0.170833
4 0.377344 0.557292 0.123438 0.177083
5 0.535937 0.556250 0.131250 0.170833
6 0.186719 0.770833 0.126562 0.170833
7 0.378906 0.772917 0.123438 0.166667
8 0.528125 0.787500 0.115625 0.170833
5 0.205469 0.151042 0.082812 0.114583
6 0.290625 0.157292 0.078125 0.114583
0 0.381250 0.154167 0.078125 0.108333
2 0.464062 0.161458 0.078125 0.102083
7 0.549219 0.166667 0.076563 0.108333
