0 0.210938 0.367708 0.125000 0.164583
9 0.390625 0.365625 0.131250 0.172917
2 0.550781 0.377083 0.135937 0.187500
3 0.192969 0.575000 0.129688 0.170833
4 0.374219 0.584375 0.123438 0.177083
5 0.546875 0.595833 0.131250 0.170833
6 0.191406 0.812500 0.126562 0.170833
7 0.377344 0.814583 0.123438 0.166667
8 0.539062 0.827083 0.115625 0.170833
5 0.205469 0.186458 0.082812 0.114583
6 0.292187 0.192708 0.078125 0.114583
0 0.385937 0.191667 0.078125 0.108333
2 0.467187 0.192708 0.078125 0.102083
7 0.549219 0.195833 0.076563 0.108333
