5 0.533594 0.181250 0.085938 0.116667
6 0.617188 0.175000 0.081250 0.104167
0 0.703125 0.173958 0.090625 0.114583
2 0.789844 0.166667 0.089063 0.112500
7 0.878906 0.170833 0.089063 0.120833
0 0.535937 0.339583 0.121875 0.162500
9 0.707812 0.339583 0.128125 0.170833
2 0.872656 0.346875 0.129688 0.164583
3 0.525000 0.558333 0.121875 0.166667
4 0.693750 0.564583 0.125000 0.170833
5 0.871094 0.577083 0.129688 0.175000
6 0.517969 0.778125 0.123438 0.177083
7 0.695312 0.792708 0.125000 0.172917
8 0.869531 0.809375 0.139063 0.177083
