5 0.360156 0.108333 0.085938 0.116667
6 0.443750 0.104167 0.081250 0.104167
0 0.529687 0.103125 0.090625 0.114583
2 0.619531 0.098958 0.089063 0.114583
7 0.705469 0.102083 0.089063 0.120833
0 0.362500 0.268750 0.121875 0.162500
9 0.539062 0.270833 0.128125 0.170833
2 0.702344 0.288542 0.129688 0.164583
3 0.351562 0.493750 0.121875 0.166667
4 0.525000 0.500000 0.125000 0.170833
5 0.697656 0.506250 0.129688 0.175000
6 0.350781 0.715625 0.123438 0.177083
7 0.531250 0.730208 0.125000 0.172917
8 0.691406 0.738542 0.139063 0.177083
