5 0.246094 0.104167 0.085938 0.116667
6 0.331250 0.104167 0.081250 0.104167
0 0.426563 0.106250 0.090625 0.116667
2 0.510156 0.104167 0.089063 0.116667
7 0.596094 0.106250 0.089063 0.120833
0 0.248438 0.266667 0.121875 0.162500
9 0.431250 0.270833 0.128125 0.170833
2 0.596094 0.286458 0.129688 0.164583
3 0.239063 0.497917 0.121875 0.166667
4 0.417187 0.506250 0.125000 0.170833
5 0.589844 0.518750 0.129688 0.175000
6 0.239844 0.726042 0.123438 0.177083
7 0.428125 0.726042 0.125000 0.172917
8 0.591406 0.738542 0.139063 0.177083
