5 0.233594 0.104167 0.085938 0.116667
6 0.320312 0.101042 0.078125 0.110417
0 0.412500 0.104167 0.090625 0.116667
2 0.497656 0.106250 0.089063 0.116667
7 0.586719 0.106250 0.089063 0.120833
0 0.235937 0.268750 0.121875 0.162500
9 0.415625 0.270833 0.128125 0.170833
2 0.582031 0.290625 0.129688 0.164583
3 0.225781 0.495833 0.123438 0.170833
4 0.406250 0.504167 0.125000 0.170833
5 0.580469 0.516667 0.129688 0.175000
6 0.224219 0.726042 0.123438 0.177083
7 0.407813 0.723958 0.125000 0.172917
8 0.569531 0.744792 0.139063 0.177083
