5 0.303906 0.262500 0.085938 0.116667
6 0.387500 0.261458 0.084375 0.122917
0 0.475000 0.246875 0.084375 0.110417
2 0.559375 0.250000 0.081250 0.116667
7 0.643750 0.243750 0.087500 0.108333
0 0.307812 0.408333 0.121875 0.162500
9 0.490625 0.414583 0.128125 0.170833
2 0.647656 0.419792 0.129688 0.164583
3 0.300781 0.647917 0.123438 0.170833
4 0.475000 0.641667 0.128125 0.170833
5 0.647656 0.639583 0.129688 0.175000
6 0.303906 0.859375 0.132812 0.181250
7 0.481250 0.867708 0.125000 0.172917
8 0.646094 0.869792 0.139063 0.177083
