5 0.310156 0.108333 0.085938 0.116667
6 0.400000 0.109375 0.084375 0.122917
0 0.487500 0.101042 0.084375 0.110417
2 0.573438 0.104167 0.081250 0.116667
7 0.668750 0.104167 0.087500 0.108333
0 0.320312 0.266667 0.121875 0.162500
9 0.498437 0.275000 0.128125 0.170833
2 0.664844 0.288542 0.129688 0.164583
3 0.311719 0.497917 0.123438 0.170833
4 0.485938 0.504167 0.128125 0.170833
5 0.661719 0.514583 0.129688 0.175000
6 0.308594 0.728125 0.132812 0.181250
7 0.492188 0.728125 0.125000 0.172917
8 0.658594 0.742708 0.139063 0.177083
