5 0.335156 0.120833 0.085938 0.116667
6 0.428125 0.126042 0.084375 0.122917
0 0.512500 0.117708 0.084375 0.110417
2 0.600000 0.112500 0.081250 0.116667
7 0.685937 0.116667 0.087500 0.108333
0 0.339062 0.283333 0.121875 0.162500
9 0.520312 0.281250 0.128125 0.170833
2 0.682031 0.301042 0.129688 0.164583
3 0.333594 0.510417 0.123438 0.170833
4 0.509375 0.520833 0.128125 0.170833
5 0.683594 0.531250 0.129688 0.175000
6 0.328906 0.732292 0.132812 0.181250
7 0.514062 0.738542 0.125000 0.172917
8 0.677344 0.753125 0.139063 0.177083
