5 0.364844 0.145833 0.085938 0.116667
6 0.448437 0.145833 0.084375 0.125000
0 0.537500 0.140625 0.084375 0.110417
2 0.623437 0.136458 0.081250 0.118750
7 0.707812 0.137500 0.087500 0.108333
0 0.367188 0.302083 0.121875 0.162500
9 0.543750 0.306250 0.128125 0.170833
2 0.711719 0.321875 0.129688 0.164583
3 0.366406 0.531250 0.123438 0.170833
4 0.537500 0.537500 0.128125 0.170833
5 0.707031 0.541667 0.129688 0.175000
6 0.360156 0.755208 0.132812 0.181250
7 0.539062 0.763542 0.125000 0.172917
8 0.707031 0.771875 0.139063 0.177083
