5 0.455469 0.162500 0.085938 0.116667
6 0.542188 0.162500 0.084375 0.125000
0 0.632812 0.151042 0.084375 0.110417
2 0.717187 0.159375 0.081250 0.118750
7 0.803125 0.152083 0.087500 0.108333
0 0.456250 0.325000 0.121875 0.162500
9 0.635938 0.325000 0.128125 0.170833
2 0.800781 0.338542 0.129688 0.164583
3 0.455469 0.545833 0.123438 0.170833
4 0.621875 0.554167 0.128125 0.170833
5 0.800781 0.564583 0.129688 0.175000
6 0.449219 0.771875 0.132812 0.181250
7 0.625000 0.780208 0.125000 0.172917
8 0.789844 0.796875 0.139063 0.177083
