5 0.471094 0.172917 0.085938 0.116667
6 0.556250 0.166667 0.084375 0.125000
0 0.650000 0.159375 0.084375 0.110417
2 0.732812 0.161458 0.081250 0.118750
7 0.825000 0.160417 0.087500 0.108333
0 0.476562 0.337500 0.121875 0.162500
9 0.654687 0.325000 0.128125 0.170833
2 0.822656 0.348958 0.129688 0.164583
3 0.466406 0.550000 0.123438 0.170833
4 0.639062 0.564583 0.128125 0.170833
5 0.816406 0.575000 0.129688 0.175000
6 0.461719 0.767708 0.132812 0.181250
7 0.643750 0.792708 0.125000 0.172917
8 0.808594 0.809375 0.139063 0.177083
