5 0.255469 0.100000 0.085938 0.116667
6 0.343750 0.108333 0.084375 0.125000
0 0.426563 0.101042 0.084375 0.110417
2 0.517188 0.098958 0.081250 0.118750
7 0.601562 0.102083 0.087500 0.108333
0 0.259375 0.266667 0.121875 0.162500
9 0.437500 0.272917 0.128125 0.170833
2 0.600781 0.292708 0.129688 0.164583
3 0.247656 0.495833 0.123438 0.170833
4 0.432812 0.508333 0.128125 0.170833
5 0.599219 0.514583 0.129688 0.175000
6 0.252344 0.726042 0.132812 0.181250
7 0.428125 0.730208 0.125000 0.172917
8 0.591406 0.744792 0.139063 0.177083
