5 0.264844 0.135417 0.085938 0.120833
6 0.356250 0.139583 0.084375 0.125000
0 0.445312 0.135417 0.084375 0.112500
2 0.531250 0.132292 0.081250 0.118750
7 0.623437 0.133333 0.087500 0.112500
0 0.271875 0.297917 0.121875 0.162500
9 0.448437 0.295833 0.128125 0.170833
2 0.614844 0.321875 0.129688 0.164583
3 0.261719 0.518750 0.123438 0.170833
4 0.440625 0.539583 0.128125 0.170833
5 0.610156 0.541667 0.129688 0.175000
6 0.255469 0.742708 0.132812 0.181250
7 0.448437 0.761458 0.125000 0.172917
8 0.602344 0.765625 0.139063 0.177083
