5 0.274219 0.143750 0.085938 0.120833
6 0.357812 0.145833 0.084375 0.125000
0 0.450000 0.137500 0.084375 0.112500
2 0.540625 0.142708 0.081250 0.118750
7 0.626563 0.139583 0.087500 0.112500
0 0.275000 0.310417 0.121875 0.162500
9 0.454688 0.306250 0.128125 0.170833
2 0.619531 0.326042 0.129688 0.164583
3 0.272656 0.543750 0.123438 0.170833
4 0.446875 0.547917 0.128125 0.170833
5 0.622656 0.550000 0.129688 0.175000
6 0.271094 0.773958 0.132812 0.181250
7 0.454688 0.782292 0.125000 0.172917
8 0.614844 0.786458 0.139063 0.177083
