5 0.311719 0.145833 0.085938 0.120833
6 0.396875 0.145833 0.084375 0.125000
0 0.485938 0.137500 0.084375 0.112500
2 0.571875 0.132292 0.081250 0.118750
7 0.660937 0.133333 0.087500 0.112500
0 0.315625 0.302083 0.121875 0.162500
9 0.496875 0.306250 0.128125 0.170833
2 0.661719 0.313542 0.129688 0.164583
3 0.308594 0.535417 0.123438 0.170833
4 0.481250 0.535417 0.128125 0.170833
5 0.660156 0.543750 0.129688 0.175000
6 0.307031 0.763542 0.132812 0.181250
7 0.492188 0.771875 0.125000 0.172917
8 0.661719 0.778125 0.139063 0.177083
