5 0.302344 0.125000 0.085938 0.120833
6 0.384375 0.133333 0.084375 0.125000
0 0.478125 0.118750 0.084375 0.112500
2 0.560937 0.119792 0.081250 0.118750
7 0.651563 0.120833 0.087500 0.112500
0 0.307812 0.289583 0.121875 0.162500
9 0.485938 0.293750 0.128125 0.170833
2 0.647656 0.296875 0.129688 0.164583
3 0.299219 0.516667 0.123438 0.170833
4 0.470313 0.520833 0.128125 0.170833
5 0.652344 0.531250 0.129688 0.175000
6 0.305469 0.744792 0.132812 0.181250
7 0.482812 0.748958 0.125000 0.172917
8 0.652344 0.771875 0.139063 0.177083
