0 0.289062 0.121875 0.143750 0.181250
1 0.470313 0.146875 0.137500 0.193750
2 0.642188 0.166667 0.140625 0.179167
3 0.275000 0.350000 0.137500 0.175000
4 0.451562 0.368750 0.156250 0.200000
5 0.632031 0.382292 0.151562 0.197917
6 0.263281 0.583333 0.160938 0.200000
7 0.452344 0.600000 0.139063 0.183333
8 0.617188 0.619792 0.140625 0.189583
5 0.289844 0.007292 0.092188 0.010417
6 0.379688 0.014583 0.087500 0.025000
0 0.467969 0.013542 0.085938 0.022917
2 0.562500 0.015625 0.075000 0.027083
7 0.646875 0.017708 0.087500 0.031250
