0 0.308594 0.353125 0.120313 0.156250
1 0.490625 0.361458 0.118750 0.152083
2 0.660156 0.386458 0.126562 0.152083
3 0.294531 0.572917 0.126562 0.170833
4 0.477344 0.591667 0.132812 0.162500
5 0.656250 0.605208 0.128125 0.172917
6 0.282031 0.820833 0.123438 0.170833
7 0.478125 0.830208 0.118750 0.160417
8 0.650000 0.844792 0.137500 0.168750
5 0.316406 0.195833 0.073438 0.095833
6 0.401562 0.198958 0.078125 0.097917
0 0.491406 0.197917 0.073438 0.095833
2 0.578125 0.205208 0.078125 0.102083
7 0.660156 0.208333 0.079687 0.104167
