0 0.292969 0.313542 0.120313 0.156250
1 0.473438 0.326042 0.118750 0.152083
2 0.647656 0.342708 0.126562 0.152083
3 0.277344 0.545833 0.126562 0.170833
4 0.461719 0.545833 0.132812 0.162500
5 0.643750 0.563542 0.128125 0.172917
6 0.269531 0.783333 0.123438 0.170833
7 0.463281 0.789583 0.123438 0.166667
8 0.639062 0.807292 0.137500 0.168750
5 0.297656 0.152083 0.073438 0.095833
6 0.387500 0.157292 0.078125 0.097917
0 0.477344 0.158333 0.073438 0.095833
2 0.560937 0.161458 0.078125 0.102083
7 0.644531 0.166667 0.079687 0.104167
