0 0.300781 0.303125 0.120313 0.156250
1 0.475000 0.317708 0.118750 0.152083
2 0.649219 0.336458 0.126562 0.152083
3 0.283594 0.535417 0.126562 0.170833
4 0.461719 0.545833 0.132812 0.162500
5 0.643750 0.553125 0.128125 0.172917
6 0.266406 0.770833 0.123438 0.170833
7 0.463281 0.772917 0.123438 0.166667
8 0.642188 0.790625 0.137500 0.168750
5 0.296094 0.145833 0.073438 0.095833
6 0.387500 0.148958 0.078125 0.097917
0 0.475781 0.150000 0.073438 0.095833
2 0.562500 0.153125 0.078125 0.102083
7 0.646094 0.154167 0.079687 0.104167
