0 0.400781 0.269792 0.135937 0.185417
1 0.575000 0.291667 0.146875 0.179167
2 0.745313 0.312500 0.140625 0.187500
3 0.382031 0.497917 0.142187 0.216667
4 0.559375 0.518750 0.140625 0.187500
5 0.732812 0.539583 0.146875 0.191667
6 0.363281 0.732292 0.142187 0.197917
7 0.552344 0.752083 0.148438 0.191667
8 0.721094 0.777083 0.145313 0.179167
5 0.404687 0.111458 0.090625 0.122917
6 0.489063 0.117708 0.087500 0.122917
0 0.580469 0.120833 0.092188 0.116667
2 0.669531 0.125000 0.082812 0.112500
7 0.759375 0.135417 0.090625 0.125000
