0 0.274219 0.367708 0.120313 0.156250
1 0.451562 0.376042 0.118750 0.152083
2 0.624219 0.398958 0.126562 0.152083
3 0.260156 0.602083 0.126562 0.170833
4 0.444531 0.598958 0.126562 0.156250
5 0.618750 0.613542 0.128125 0.172917
6 0.244531 0.839583 0.123438 0.170833
7 0.442969 0.850000 0.123438 0.166667
8 0.618750 0.857292 0.137500 0.168750
5 0.275781 0.212500 0.073438 0.095833
6 0.365625 0.218750 0.078125 0.100000
0 0.452344 0.214583 0.073438 0.095833
2 0.540625 0.216667 0.078125 0.104167
7 0.624219 0.225000 0.079687 0.104167
