0 0.255469 0.380208 0.120313 0.156250
1 0.435937 0.392708 0.118750 0.152083
2 0.605469 0.407292 0.126562 0.152083
3 0.239844 0.610417 0.126562 0.170833
4 0.424219 0.617708 0.126562 0.156250
5 0.607812 0.628125 0.128125 0.172917
6 0.224219 0.852083 0.123438 0.170833
7 0.425781 0.856250 0.123438 0.166667
8 0.601562 0.869792 0.128125 0.177083
5 0.257031 0.222917 0.073438 0.095833
6 0.345313 0.229167 0.078125 0.100000
0 0.439844 0.226042 0.079687 0.097917
2 0.521875 0.227083 0.078125 0.104167
7 0.605469 0.233333 0.079687 0.104167
