0 0.242969 0.392708 0.120313 0.156250
1 0.435937 0.392708 0.118750 0.152083
2 0.596094 0.413542 0.126562 0.152083
3 0.233594 0.610417 0.126562 0.170833
4 0.416406 0.623958 0.126562 0.156250
5 0.595313 0.634375 0.128125 0.172917
6 0.216406 0.862500 0.123438 0.170833
7 0.419531 0.866667 0.123438 0.166667
8 0.589063 0.882292 0.128125 0.177083
5 0.244531 0.229167 0.073438 0.095833
6 0.335938 0.237500 0.078125 0.100000
0 0.428906 0.236458 0.079687 0.097917
2 0.514062 0.233333 0.078125 0.104167
7 0.599219 0.241667 0.079687 0.104167
