0 0.178906 0.376042 0.120313 0.156250
1 0.376563 0.388542 0.118750 0.152083
2 0.539844 0.407292 0.126562 0.152083
3 0.160156 0.608333 0.126562 0.170833
4 0.353906 0.617708 0.126562 0.156250
5 0.539062 0.613542 0.128125 0.172917
6 0.146094 0.854167 0.123438 0.170833
7 0.350781 0.862500 0.123438 0.166667
8 0.526563 0.873958 0.128125 0.177083
5 0.183594 0.210417 0.073438 0.095833
6 0.273438 0.220833 0.078125 0.100000
0 0.369531 0.223958 0.079687 0.097917
2 0.457813 0.227083 0.078125 0.104167
7 0.532031 0.229167 0.079687 0.104167
