0 0.149219 0.365625 0.120313 0.156250
1 0.332813 0.380208 0.118750 0.152083
2 0.511719 0.394792 0.126562 0.152083
3 0.128906 0.600000 0.126562 0.170833
4 0.321094 0.603125 0.126562 0.156250
5 0.506250 0.615625 0.128125 0.172917
6 0.116406 0.852083 0.123438 0.170833
7 0.328906 0.847917 0.123438 0.166667
8 0.501563 0.859375 0.128125 0.177083
5 0.149219 0.200000 0.073438 0.095833
6 0.243750 0.208333 0.078125 0.100000
0 0.335156 0.207292 0.079687 0.097917
2 0.423438 0.216667 0.078125 0.104167
7 0.505469 0.220833 0.079687 0.104167
