0 0.348438 0.265625 0.134375 0.172917
1 0.525781 0.281250 0.148438 0.175000
2 0.694531 0.295833 0.145313 0.166667
3 0.343750 0.494792 0.140625 0.185417
4 0.519531 0.502083 0.132812 0.175000
5 0.696875 0.510417 0.146875 0.187500
6 0.337500 0.725000 0.146875 0.212500
7 0.523438 0.731250 0.134375 0.175000
8 0.689844 0.747917 0.148438 0.179167
5 0.349219 0.103125 0.095312 0.127083
6 0.435156 0.107292 0.085938 0.106250
0 0.522656 0.111458 0.092188 0.110417
2 0.610156 0.108333 0.079687 0.100000
7 0.692187 0.110417 0.084375 0.112500
