0 0.367188 0.232292 0.143750 0.168750
1 0.545312 0.239583 0.140625 0.179167
2 0.715625 0.252083 0.134375 0.187500
3 0.354687 0.461458 0.134375 0.185417
4 0.536719 0.468750 0.148438 0.200000
5 0.711719 0.477083 0.135937 0.183333
6 0.353906 0.693750 0.139063 0.195833
7 0.542969 0.697917 0.139063 0.191667
8 0.707812 0.714583 0.146875 0.183333
5 0.359375 0.075000 0.090625 0.120833
6 0.452344 0.075000 0.092188 0.116667
0 0.542188 0.067708 0.093750 0.114583
2 0.625781 0.067708 0.085938 0.118750
7 0.710156 0.075000 0.089063 0.116667
