0 0.353125 0.202083 0.143750 0.175000
1 0.533594 0.208333 0.145313 0.170833
2 0.707031 0.213542 0.142187 0.177083
3 0.349219 0.431250 0.135937 0.187500
4 0.527344 0.438542 0.139063 0.189583
5 0.704688 0.441667 0.146875 0.179167
6 0.346875 0.662500 0.140625 0.183333
7 0.535937 0.669792 0.146875 0.172917
8 0.705469 0.677083 0.145313 0.175000
5 0.347656 0.047917 0.095312 0.091667
6 0.440625 0.050000 0.087500 0.095833
0 0.527344 0.048958 0.085938 0.093750
2 0.617969 0.044792 0.089063 0.085417
7 0.707031 0.043750 0.089063 0.083333
