0 0.365625 0.217708 0.140625 0.189583
1 0.542188 0.222917 0.146875 0.170833
2 0.725000 0.227083 0.150000 0.187500
3 0.360156 0.454167 0.132812 0.179167
4 0.539844 0.455208 0.139063 0.181250
5 0.721875 0.460417 0.134375 0.183333
6 0.365625 0.689583 0.143750 0.183333
7 0.550781 0.689583 0.132812 0.179167
8 0.721094 0.700000 0.135937 0.175000
5 0.360156 0.055208 0.092188 0.106250
6 0.450000 0.057292 0.090625 0.110417
0 0.542969 0.056250 0.085938 0.108333
2 0.626563 0.051042 0.081250 0.097917
7 0.714844 0.052083 0.085938 0.100000
