0 0.326562 0.370833 0.115625 0.145833
9 0.499219 0.358333 0.114062 0.150000
2 0.664062 0.364583 0.118750 0.150000
3 0.307812 0.577083 0.121875 0.162500
4 0.489063 0.584375 0.125000 0.164583
5 0.660937 0.584375 0.121875 0.172917
6 0.300781 0.820833 0.132812 0.175000
7 0.500000 0.814583 0.125000 0.170833
8 0.662500 0.827083 0.128125 0.170833
5 0.324219 0.216667 0.076563 0.095833
6 0.400781 0.213542 0.076563 0.089583
0 0.492969 0.202083 0.076563 0.100000
2 0.571094 0.197917 0.073438 0.095833
7 0.659375 0.203125 0.078125 0.097917
