0 0.389062 0.182292 0.121875 0.152083
9 0.567969 0.189583 0.114062 0.150000
2 0.729688 0.218750 0.118750 0.150000
3 0.375000 0.409375 0.121875 0.164583
4 0.545312 0.420833 0.125000 0.166667
5 0.723437 0.433333 0.121875 0.175000
6 0.358594 0.637500 0.132812 0.175000
7 0.548438 0.660417 0.125000 0.170833
8 0.707812 0.681250 0.128125 0.170833
5 0.388281 0.038542 0.076563 0.072917
6 0.479687 0.036458 0.071875 0.068750
0 0.568750 0.037500 0.081250 0.070833
2 0.650781 0.036458 0.073438 0.068750
7 0.734375 0.038542 0.075000 0.072917
