0 0.379688 0.280208 0.121875 0.152083
9 0.553906 0.288542 0.114062 0.152083
2 0.709375 0.317708 0.118750 0.152083
3 0.354687 0.498958 0.121875 0.164583
4 0.529687 0.522917 0.125000 0.166667
5 0.704688 0.543750 0.121875 0.175000
6 0.339844 0.739583 0.132812 0.175000
7 0.526563 0.754167 0.125000 0.170833
8 0.692187 0.779167 0.128125 0.170833
5 0.384375 0.122917 0.075000 0.100000
6 0.467187 0.120833 0.075000 0.104167
0 0.557031 0.128125 0.082812 0.085417
2 0.636719 0.134375 0.073438 0.097917
7 0.725000 0.138542 0.068750 0.106250
