0 0.365625 0.326042 0.121875 0.152083
9 0.546094 0.346875 0.114062 0.152083
2 0.704688 0.384375 0.118750 0.152083
3 0.334375 0.542708 0.121875 0.164583
4 0.509375 0.570833 0.125000 0.166667
5 0.682813 0.600000 0.121875 0.175000
6 0.308594 0.781250 0.132812 0.175000
7 0.498437 0.808333 0.125000 0.170833
8 0.665625 0.841667 0.128125 0.170833
5 0.376563 0.168750 0.075000 0.100000
6 0.460938 0.181250 0.075000 0.104167
0 0.543750 0.188542 0.075000 0.102083
2 0.632031 0.198958 0.073438 0.097917
7 0.717187 0.207292 0.078125 0.097917
