0 0.389844 0.329167 0.139063 0.175000
1 0.567969 0.326042 0.129688 0.164583
2 0.742969 0.329167 0.135937 0.166667
3 0.389844 0.555208 0.142187 0.181250
4 0.566406 0.556250 0.135937 0.191667
5 0.743750 0.556250 0.134375 0.183333
6 0.383594 0.793750 0.139063 0.187500
7 0.575781 0.787500 0.132812 0.183333
8 0.748437 0.798958 0.156250 0.185417
5 0.387500 0.162500 0.090625 0.112500
6 0.472656 0.162500 0.085938 0.112500
0 0.562500 0.156250 0.087500 0.112500
2 0.650781 0.152083 0.089063 0.116667
7 0.735938 0.148958 0.093750 0.118750
