0 0.326562 0.426042 0.121875 0.152083
9 0.505469 0.438542 0.114062 0.152083
2 0.667188 0.457292 0.118750 0.152083
3 0.309375 0.653125 0.121875 0.164583
4 0.492188 0.656250 0.125000 0.166667
5 0.656250 0.675000 0.121875 0.175000
6 0.296094 0.877083 0.132812 0.175000
7 0.487500 0.895833 0.125000 0.170833
8 0.650000 0.914583 0.128125 0.170833
5 0.335938 0.269792 0.075000 0.102083
6 0.415625 0.279167 0.075000 0.104167
0 0.501563 0.280208 0.075000 0.102083
2 0.585156 0.281250 0.073438 0.100000
7 0.670312 0.288542 0.078125 0.097917
