0 0.359375 0.248958 0.121875 0.156250
9 0.538281 0.240625 0.114062 0.152083
2 0.701562 0.252083 0.118750 0.154167
3 0.350000 0.475000 0.121875 0.166667
4 0.526563 0.473958 0.125000 0.168750
5 0.698438 0.473958 0.121875 0.177083
6 0.360156 0.693750 0.132812 0.175000
7 0.535937 0.702083 0.125000 0.170833
8 0.692187 0.700000 0.128125 0.170833
5 0.347656 0.083333 0.079687 0.104167
6 0.434375 0.078125 0.075000 0.102083
0 0.528125 0.067708 0.078125 0.102083
2 0.612500 0.064583 0.071875 0.100000
7 0.698438 0.066667 0.078125 0.095833
