0 0.328125 0.327083 0.121875 0.158333
9 0.496094 0.309375 0.114062 0.152083
2 0.665625 0.320833 0.118750 0.154167
3 0.334375 0.556250 0.121875 0.166667
4 0.503125 0.544792 0.125000 0.168750
5 0.673438 0.534375 0.121875 0.177083
6 0.336719 0.766667 0.132812 0.175000
7 0.515625 0.760417 0.125000 0.170833
8 0.678125 0.760417 0.128125 0.170833
5 0.313281 0.162500 0.079687 0.104167
6 0.396875 0.159375 0.075000 0.102083
0 0.486719 0.143750 0.076563 0.108333
2 0.571875 0.139583 0.071875 0.100000
7 0.660937 0.135417 0.078125 0.095833
