0 0.345313 0.318750 0.121875 0.158333
9 0.524219 0.323958 0.114062 0.152083
2 0.690625 0.339583 0.118750 0.154167
3 0.342187 0.554167 0.121875 0.170833
4 0.504687 0.557292 0.125000 0.168750
5 0.684375 0.565625 0.121875 0.177083
6 0.333594 0.772917 0.132812 0.162500
7 0.518750 0.777083 0.125000 0.170833
8 0.676562 0.794792 0.125000 0.156250
5 0.341406 0.156250 0.079687 0.104167
6 0.430469 0.159375 0.076563 0.102083
0 0.521094 0.152083 0.076563 0.108333
2 0.604688 0.152083 0.071875 0.100000
7 0.693750 0.156250 0.078125 0.095833
