0 0.350781 0.293750 0.123438 0.158333
9 0.538281 0.284375 0.114062 0.152083
2 0.709375 0.310417 0.118750 0.154167
3 0.340625 0.537500 0.121875 0.170833
4 0.523438 0.544792 0.125000 0.168750
5 0.707812 0.555208 0.121875 0.177083
6 0.339844 0.768750 0.132812 0.162500
7 0.532813 0.781250 0.125000 0.170833
8 0.700000 0.794792 0.125000 0.156250
5 0.346094 0.112500 0.079687 0.104167
6 0.441406 0.119792 0.076563 0.102083
0 0.532031 0.114583 0.076563 0.108333
2 0.625000 0.115625 0.078125 0.106250
7 0.713281 0.116667 0.079687 0.108333
