0 0.325781 0.358333 0.123438 0.158333
9 0.514062 0.358333 0.121875 0.162500
2 0.682813 0.372917 0.118750 0.154167
3 0.314063 0.604167 0.121875 0.170833
4 0.496875 0.601042 0.125000 0.168750
5 0.675000 0.609375 0.121875 0.177083
6 0.314844 0.843750 0.132812 0.162500
7 0.504687 0.841667 0.125000 0.170833
8 0.676562 0.865625 0.125000 0.156250
5 0.321094 0.181250 0.079687 0.104167
6 0.416406 0.180208 0.076563 0.102083
0 0.510156 0.172917 0.076563 0.108333
2 0.595313 0.173958 0.078125 0.106250
7 0.691406 0.185417 0.079687 0.108333
