0 0.317969 0.345833 0.123438 0.158333
9 0.507031 0.350000 0.126562 0.166667
2 0.685156 0.366667 0.129688 0.166667
3 0.303906 0.587500 0.129688 0.183333
4 0.489063 0.590625 0.125000 0.168750
5 0.679688 0.598958 0.121875 0.177083
6 0.296094 0.822917 0.132812 0.162500
7 0.495312 0.831250 0.125000 0.170833
8 0.670312 0.846875 0.128125 0.172917
5 0.313281 0.168750 0.079687 0.104167
6 0.405469 0.167708 0.076563 0.102083
0 0.503906 0.162500 0.076563 0.108333
2 0.593750 0.161458 0.078125 0.106250
7 0.691406 0.185417 0.079687 0.108333
