0 0.316406 0.322917 0.123438 0.158333
9 0.513281 0.327083 0.126562 0.166667
2 0.691406 0.350000 0.129688 0.166667
3 0.302344 0.566667 0.129688 0.183333
4 0.496875 0.576042 0.125000 0.168750
5 0.679688 0.586458 0.121875 0.177083
6 0.292969 0.806250 0.132812 0.162500
7 0.496875 0.818750 0.125000 0.170833
8 0.671875 0.840625 0.128125 0.172917
5 0.316406 0.145833 0.079687 0.104167
6 0.413281 0.151042 0.076563 0.102083
0 0.507031 0.141667 0.076563 0.108333
2 0.598437 0.142708 0.078125 0.106250
7 0.689844 0.150000 0.079687 0.108333
