0 0.253125 0.229167 0.140625 0.187500
9 0.468750 0.234375 0.137500 0.172917
2 0.661719 0.276042 0.145313 0.185417
3 0.235156 0.492708 0.139063 0.193750
4 0.443750 0.507292 0.131250 0.181250
5 0.647656 0.521875 0.135937 0.189583
6 0.228906 0.756250 0.135937 0.187500
7 0.443750 0.770833 0.137500 0.179167
8 0.633594 0.794792 0.145313 0.177083
5 0.251563 0.053125 0.103125 0.102083
6 0.358594 0.059375 0.092188 0.114583
0 0.465625 0.058333 0.093750 0.112500
2 0.562500 0.056250 0.087500 0.108333
7 0.663281 0.060417 0.085938 0.116667
