0 0.226562 0.217708 0.143750 0.193750
9 0.446094 0.233333 0.139063 0.187500
2 0.638281 0.258333 0.145313 0.195833
3 0.214062 0.501042 0.146875 0.197917
4 0.418750 0.510417 0.140625 0.191667
5 0.629687 0.527083 0.143750 0.204167
6 0.209375 0.769792 0.140625 0.189583
7 0.428125 0.775000 0.137500 0.179167
8 0.613281 0.794792 0.145313 0.177083
5 0.232813 0.045833 0.103125 0.087500
6 0.333594 0.047917 0.092188 0.091667
0 0.444531 0.048958 0.095312 0.093750
2 0.545312 0.051042 0.090625 0.097917
7 0.642188 0.053125 0.090625 0.102083
