0 0.403906 0.287500 0.139063 0.187500
1 0.583594 0.306250 0.154688 0.179167
2 0.755469 0.314583 0.142187 0.183333
3 0.385156 0.515625 0.145313 0.181250
4 0.568750 0.531250 0.153125 0.195833
5 0.741406 0.540625 0.145313 0.202083
6 0.371875 0.752083 0.140625 0.191667
7 0.563281 0.765625 0.142187 0.189583
8 0.728906 0.783333 0.151562 0.212500
5 0.403906 0.122917 0.092188 0.129167
6 0.496094 0.127083 0.082812 0.120833
0 0.580469 0.123958 0.082812 0.114583
2 0.670312 0.125000 0.087500 0.120833
7 0.758594 0.130208 0.089063 0.118750
