0 0.203125 0.344792 0.146875 0.193750
9 0.409375 0.336458 0.140625 0.185417
2 0.594531 0.354167 0.142187 0.179167
3 0.200000 0.611458 0.153125 0.197917
4 0.405469 0.606250 0.139063 0.195833
5 0.608594 0.605208 0.139063 0.193750
6 0.214062 0.870833 0.146875 0.191667
7 0.428125 0.865625 0.146875 0.185417
8 0.614844 0.867708 0.148438 0.177083
5 0.191406 0.156250 0.098437 0.125000
6 0.292969 0.160417 0.098437 0.125000
0 0.403906 0.137500 0.098437 0.129167
2 0.492969 0.134375 0.095312 0.118750
7 0.590625 0.140625 0.090625 0.122917
