0 0.460156 0.296875 0.148438 0.193750
9 0.667188 0.286458 0.140625 0.185417
2 0.860156 0.302083 0.142187 0.179167
3 0.457031 0.551042 0.154688 0.197917
4 0.650781 0.559375 0.139063 0.197917
5 0.860156 0.557292 0.139063 0.193750
6 0.453125 0.804167 0.150000 0.191667
7 0.665625 0.815625 0.146875 0.185417
8 0.855469 0.828125 0.148438 0.177083
5 0.453125 0.108333 0.100000 0.125000
6 0.558594 0.109375 0.089063 0.122917
0 0.657031 0.096875 0.082812 0.122917
2 0.753906 0.100000 0.092188 0.129167
7 0.857031 0.085417 0.095312 0.125000
