0 0.482031 0.305208 0.148438 0.193750
9 0.689063 0.290625 0.140625 0.185417
2 0.886719 0.304167 0.142187 0.179167
3 0.471094 0.555208 0.154688 0.197917
4 0.669531 0.559375 0.139063 0.197917
5 0.874219 0.563542 0.139063 0.193750
6 0.481250 0.810417 0.150000 0.191667
7 0.687500 0.819792 0.146875 0.185417
8 0.883594 0.840625 0.148438 0.177083
5 0.476562 0.116667 0.100000 0.125000
6 0.574219 0.111458 0.089063 0.122917
0 0.675781 0.101042 0.082812 0.122917
2 0.775781 0.100000 0.092188 0.129167
7 0.882031 0.091667 0.095312 0.125000
