0 0.280469 0.290625 0.148438 0.193750
9 0.482812 0.294792 0.140625 0.185417
2 0.670312 0.316667 0.143750 0.179167
3 0.261719 0.546875 0.154688 0.197917
4 0.467969 0.561458 0.139063 0.197917
5 0.663281 0.563542 0.139063 0.193750
6 0.264062 0.802083 0.150000 0.191667
7 0.468750 0.813542 0.146875 0.185417
8 0.653906 0.828125 0.148438 0.177083
5 0.276562 0.107292 0.100000 0.127083
6 0.375781 0.110417 0.089063 0.125000
0 0.478125 0.101042 0.090625 0.118750
2 0.575781 0.103125 0.092188 0.127083
7 0.672656 0.104167 0.095312 0.125000
