0 0.250781 0.294792 0.148438 0.193750
9 0.460938 0.296875 0.140625 0.185417
2 0.646875 0.314583 0.143750 0.179167
3 0.239844 0.551042 0.154688 0.197917
4 0.436719 0.561458 0.139063 0.197917
5 0.639844 0.567708 0.139063 0.193750
6 0.235937 0.804167 0.150000 0.191667
7 0.442188 0.821875 0.146875 0.185417
8 0.633594 0.836458 0.148438 0.177083
5 0.256250 0.115625 0.100000 0.127083
6 0.352344 0.114583 0.089063 0.125000
0 0.451562 0.107292 0.090625 0.118750
2 0.549219 0.107292 0.092188 0.127083
7 0.646094 0.110417 0.095312 0.125000
