0 0.280469 0.303125 0.148438 0.193750
9 0.482812 0.298958 0.140625 0.185417
2 0.664062 0.316667 0.143750 0.179167
3 0.267969 0.553125 0.154688 0.197917
4 0.467187 0.561458 0.140625 0.197917
5 0.661719 0.567708 0.139063 0.193750
6 0.270313 0.810417 0.150000 0.191667
7 0.475000 0.813542 0.146875 0.185417
8 0.655469 0.826042 0.148438 0.177083
5 0.276562 0.117708 0.100000 0.127083
6 0.373437 0.118750 0.090625 0.125000
0 0.471875 0.107292 0.090625 0.118750
2 0.566406 0.109375 0.092188 0.127083
7 0.663281 0.114583 0.095312 0.125000
