5 0.188281 0.088542 0.098437 0.118750
6 0.283594 0.098958 0.085938 0.122917
0 0.378125 0.089583 0.084375 0.125000
2 0.471875 0.090625 0.087500 0.114583
7 0.557031 0.101042 0.082812 0.118750
0 0.195312 0.258333 0.153125 0.175000
1 0.384375 0.269792 0.143750 0.185417
2 0.556250 0.280208 0.137500 0.164583
3 0.188281 0.498958 0.148438 0.185417
4 0.371094 0.505208 0.142187 0.181250
5 0.553906 0.511458 0.139063 0.181250
6 0.182031 0.739583 0.151562 0.191667
7 0.382031 0.739583 0.139063 0.183333
8 0.554688 0.753125 0.146875 0.181250
