0 0.324219 0.355208 0.148438 0.193750
9 0.512500 0.348958 0.140625 0.185417
2 0.671875 0.364583 0.146875 0.200000
3 0.307031 0.578125 0.154688 0.197917
4 0.492188 0.592708 0.140625 0.197917
5 0.667969 0.605208 0.139063 0.193750
6 0.306250 0.808333 0.150000 0.191667
7 0.495312 0.819792 0.146875 0.185417
8 0.664844 0.826042 0.148438 0.177083
5 0.320312 0.178125 0.100000 0.127083
6 0.414062 0.187500 0.090625 0.125000
0 0.503125 0.182292 0.090625 0.118750
2 0.583594 0.184375 0.092188 0.127083
7 0.677344 0.181250 0.095312 0.125000
