0 0.412500 0.336458 0.150000 0.193750
9 0.592187 0.338542 0.140625 0.185417
2 0.754687 0.366667 0.146875 0.200000
3 0.405469 0.555208 0.154688 0.202083
4 0.568750 0.571875 0.140625 0.197917
5 0.746094 0.578125 0.139063 0.193750
6 0.404687 0.777083 0.150000 0.191667
7 0.578125 0.788542 0.146875 0.185417
8 0.735156 0.803125 0.148438 0.177083
5 0.413281 0.188542 0.101562 0.127083
6 0.503906 0.184375 0.095312 0.102083
0 0.587500 0.173958 0.090625 0.114583
2 0.674219 0.181250 0.085938 0.116667
7 0.750000 0.177083 0.084375 0.116667
