0 0.321875 0.306250 0.125000 0.162500
9 0.500000 0.311458 0.131250 0.172917
2 0.655469 0.337500 0.135937 0.187500
3 0.308594 0.516667 0.129688 0.170833
4 0.477344 0.540625 0.123438 0.177083
5 0.651563 0.554167 0.131250 0.170833
6 0.299219 0.747917 0.126562 0.170833
7 0.485938 0.752083 0.121875 0.166667
8 0.639062 0.777083 0.115625 0.170833
5 0.317969 0.154167 0.092188 0.116667
6 0.400781 0.154167 0.079687 0.095833
0 0.489063 0.152083 0.075000 0.100000
2 0.575781 0.150000 0.085938 0.116667
7 0.653125 0.157292 0.071875 0.102083
