0 0.240625 0.239583 0.125000 0.162500
9 0.418750 0.246875 0.131250 0.172917
2 0.583594 0.258333 0.135937 0.187500
3 0.225781 0.475000 0.129688 0.170833
4 0.399219 0.469792 0.123438 0.177083
5 0.571875 0.489583 0.131250 0.170833
6 0.221094 0.689583 0.126562 0.170833
7 0.409375 0.700000 0.121875 0.166667
8 0.567187 0.710417 0.115625 0.170833
5 0.239844 0.075000 0.082812 0.112500
6 0.326562 0.083333 0.078125 0.112500
0 0.419531 0.083333 0.076563 0.108333
2 0.500000 0.086458 0.078125 0.102083
7 0.586719 0.089583 0.076563 0.108333
