0 0.184375 0.233333 0.125000 0.162500
9 0.373437 0.240625 0.131250 0.172917
2 0.533594 0.268750 0.135937 0.187500
3 0.172656 0.458333 0.129688 0.170833
4 0.352344 0.469792 0.123438 0.177083
5 0.521875 0.487500 0.131250 0.170833
6 0.163281 0.672917 0.126562 0.170833
7 0.353125 0.695833 0.121875 0.166667
8 0.509375 0.710417 0.115625 0.170833
5 0.183594 0.061458 0.082812 0.114583
6 0.273438 0.067708 0.078125 0.114583
0 0.363281 0.068750 0.076563 0.108333
2 0.451562 0.073958 0.078125 0.102083
7 0.535156 0.087500 0.076563 0.108333
