0 0.307812 0.380208 0.125000 0.164583
9 0.475781 0.382292 0.132812 0.172917
2 0.639844 0.404167 0.135937 0.187500
3 0.296094 0.610417 0.129688 0.170833
4 0.461719 0.613542 0.123438 0.177083
5 0.642188 0.616667 0.131250 0.170833
6 0.294531 0.837500 0.126562 0.170833
7 0.471875 0.837500 0.125000 0.166667
8 0.637500 0.852083 0.115625 0.170833
5 0.302344 0.226042 0.082812 0.114583
6 0.385937 0.223958 0.078125 0.114583
0 0.473438 0.220833 0.078125 0.108333
2 0.554688 0.219792 0.078125 0.102083
7 0.639844 0.220833 0.076563 0.108333
