5 0.207813 0.168750 0.090625 0.125000
6 0.299219 0.172917 0.092188 0.125000
0 0.393750 0.166667 0.093750 0.108333
2 0.482812 0.169792 0.093750 0.122917
7 0.567187 0.171875 0.087500 0.127083
0 0.213281 0.338542 0.148438 0.185417
1 0.397656 0.347917 0.142187 0.187500
2 0.568750 0.355208 0.143750 0.181250
3 0.198437 0.571875 0.146875 0.185417
4 0.384375 0.575000 0.143750 0.195833
5 0.567187 0.581250 0.153125 0.191667
6 0.200000 0.812500 0.153125 0.191667
7 0.388281 0.813542 0.148438 0.185417
8 0.563281 0.828125 0.160938 0.185417
