0 0.353125 0.394792 0.125000 0.164583
9 0.516406 0.401042 0.132812 0.172917
2 0.691406 0.416667 0.135937 0.187500
3 0.338281 0.627083 0.129688 0.170833
4 0.510156 0.630208 0.123438 0.177083
5 0.682813 0.627083 0.131250 0.170833
6 0.339844 0.843750 0.126562 0.170833
7 0.520312 0.850000 0.125000 0.166667
8 0.681250 0.856250 0.128125 0.170833
5 0.347656 0.248958 0.082812 0.114583
6 0.428906 0.240625 0.079687 0.114583
0 0.510938 0.235417 0.078125 0.108333
2 0.603125 0.230208 0.078125 0.102083
7 0.682031 0.237500 0.076563 0.108333
