0 0.366406 0.396875 0.126562 0.164583
9 0.541406 0.398958 0.132812 0.172917
2 0.703906 0.412500 0.135937 0.187500
3 0.353906 0.622917 0.129688 0.170833
4 0.527344 0.628125 0.123438 0.177083
5 0.707812 0.631250 0.131250 0.170833
6 0.363281 0.839583 0.126562 0.170833
7 0.534375 0.850000 0.125000 0.166667
8 0.703125 0.864583 0.128125 0.170833
5 0.361719 0.242708 0.082812 0.114583
6 0.452344 0.240625 0.079687 0.114583
0 0.535937 0.235417 0.078125 0.108333
2 0.617188 0.230208 0.078125 0.102083
7 0.702344 0.225000 0.076563 0.108333
