0 0.407031 0.394792 0.126562 0.164583
9 0.589844 0.388542 0.132812 0.172917
2 0.755469 0.404167 0.135937 0.187500
3 0.410156 0.608333 0.129688 0.170833
4 0.574219 0.626042 0.123438 0.177083
5 0.750000 0.616667 0.131250 0.170833
6 0.414062 0.831250 0.128125 0.170833
7 0.585938 0.835417 0.125000 0.166667
8 0.743750 0.850000 0.128125 0.170833
5 0.406250 0.232292 0.084375 0.114583
6 0.494531 0.234375 0.079687 0.114583
0 0.579688 0.227083 0.078125 0.108333
2 0.662500 0.217708 0.078125 0.102083
7 0.747656 0.218750 0.076563 0.108333
