0 0.472656 0.392708 0.126562 0.164583
9 0.650781 0.392708 0.132812 0.172917
2 0.819531 0.406250 0.135937 0.187500
3 0.466406 0.608333 0.129688 0.170833
4 0.644531 0.619792 0.123438 0.177083
5 0.823438 0.625000 0.131250 0.170833
6 0.470313 0.835417 0.128125 0.170833
7 0.653125 0.845833 0.125000 0.166667
8 0.817187 0.854167 0.128125 0.170833
5 0.481250 0.235417 0.084375 0.116667
6 0.563281 0.236458 0.079687 0.114583
0 0.648438 0.231250 0.078125 0.108333
2 0.735938 0.221875 0.078125 0.102083
7 0.816406 0.226042 0.076563 0.110417
