5 0.538281 0.200000 0.085938 0.116667
6 0.621875 0.191667 0.081250 0.104167
0 0.712500 0.186458 0.090625 0.114583
2 0.797656 0.183333 0.089063 0.112500
7 0.888281 0.179167 0.089063 0.120833
0 0.546875 0.350000 0.121875 0.162500
9 0.718750 0.352083 0.128125 0.170833
2 0.886719 0.363542 0.129688 0.164583
3 0.539062 0.572917 0.121875 0.166667
4 0.706250 0.577083 0.125000 0.170833
5 0.882031 0.587500 0.129688 0.175000
6 0.533594 0.805208 0.123438 0.177083
7 0.707812 0.805208 0.125000 0.172917
8 0.878906 0.834375 0.139063 0.177083
