5 0.463281 0.147917 0.085938 0.116667
6 0.545312 0.143750 0.081250 0.104167
0 0.632812 0.138542 0.090625 0.114583
2 0.722656 0.141667 0.089063 0.112500
7 0.807031 0.139583 0.089063 0.120833
0 0.467187 0.308333 0.121875 0.162500
9 0.640625 0.306250 0.128125 0.170833
2 0.800781 0.317708 0.129688 0.164583
3 0.456250 0.527083 0.121875 0.166667
4 0.626563 0.533333 0.125000 0.170833
5 0.800781 0.545833 0.129688 0.175000
6 0.452344 0.751042 0.123438 0.177083
7 0.629687 0.761458 0.125000 0.172917
8 0.791406 0.782292 0.139063 0.177083
