5 0.436719 0.133333 0.085938 0.116667
6 0.518750 0.131250 0.081250 0.104167
0 0.609375 0.128125 0.090625 0.114583
2 0.699219 0.122917 0.089063 0.112500
7 0.780469 0.127083 0.089063 0.120833
0 0.439063 0.287500 0.121875 0.162500
9 0.609375 0.293750 0.128125 0.170833
2 0.782031 0.309375 0.129688 0.164583
3 0.428125 0.510417 0.121875 0.166667
4 0.593750 0.516667 0.125000 0.170833
5 0.772656 0.533333 0.129688 0.175000
6 0.424219 0.732292 0.123438 0.177083
7 0.600000 0.742708 0.125000 0.172917
8 0.760156 0.761458 0.139063 0.177083
