5 0.367969 0.108333 0.085938 0.116667
6 0.454688 0.102083 0.081250 0.104167
0 0.548438 0.103125 0.090625 0.114583
2 0.633594 0.103125 0.089063 0.114583
7 0.716406 0.108333 0.089063 0.120833
0 0.375000 0.266667 0.121875 0.162500
9 0.546875 0.272917 0.128125 0.170833
2 0.716406 0.286458 0.129688 0.164583
3 0.364063 0.489583 0.121875 0.166667
4 0.532813 0.500000 0.125000 0.170833
5 0.703906 0.508333 0.129688 0.175000
6 0.357031 0.713542 0.123438 0.177083
7 0.534375 0.728125 0.125000 0.172917
8 0.691406 0.738542 0.139063 0.177083
