5 0.350781 0.108333 0.085938 0.116667
6 0.431250 0.106250 0.081250 0.104167
0 0.525000 0.103125 0.090625 0.114583
2 0.614844 0.096875 0.089063 0.114583
7 0.697656 0.104167 0.089063 0.120833
0 0.350000 0.270833 0.121875 0.162500
9 0.523438 0.272917 0.128125 0.170833
2 0.691406 0.288542 0.129688 0.164583
3 0.342187 0.491667 0.121875 0.166667
4 0.509375 0.495833 0.125000 0.170833
5 0.688281 0.504167 0.129688 0.175000
6 0.335156 0.715625 0.123438 0.177083
7 0.518750 0.723958 0.125000 0.172917
8 0.691406 0.738542 0.139063 0.177083
