5 0.260937 0.179167 0.096875 0.129167
6 0.347656 0.179167 0.089063 0.112500
0 0.438281 0.169792 0.085938 0.131250
2 0.524219 0.171875 0.085938 0.114583
7 0.612500 0.175000 0.100000 0.120833
0 0.259375 0.343750 0.143750 0.166667
1 0.449219 0.353125 0.142187 0.181250
2 0.614062 0.353125 0.134375 0.172917
3 0.258594 0.578125 0.148438 0.181250
4 0.437500 0.580208 0.137500 0.189583
5 0.621094 0.585417 0.148438 0.187500
6 0.257031 0.822917 0.145313 0.195833
7 0.451562 0.818750 0.156250 0.187500
8 0.625000 0.823958 0.153125 0.185417
