5 0.216406 0.143750 0.085938 0.116667
6 0.300000 0.148958 0.078125 0.110417
0 0.396875 0.150000 0.090625 0.116667
2 0.482031 0.152083 0.089063 0.116667
7 0.567187 0.154167 0.087500 0.108333
0 0.215625 0.310417 0.121875 0.162500
9 0.400000 0.312500 0.128125 0.170833
2 0.563281 0.340625 0.129688 0.164583
3 0.210156 0.541667 0.123438 0.170833
4 0.381250 0.547917 0.128125 0.170833
5 0.560156 0.562500 0.129688 0.175000
6 0.202344 0.763542 0.132812 0.181250
7 0.390625 0.761458 0.125000 0.172917
8 0.555469 0.786458 0.139063 0.177083
