5 0.235156 0.200000 0.085938 0.116667
6 0.326562 0.207292 0.084375 0.122917
0 0.417187 0.204167 0.090625 0.116667
2 0.497656 0.193750 0.089063 0.116667
7 0.584375 0.197917 0.087500 0.108333
0 0.240625 0.364583 0.121875 0.162500
9 0.423438 0.370833 0.128125 0.170833
2 0.585156 0.386458 0.129688 0.164583
3 0.233594 0.595833 0.123438 0.170833
4 0.410938 0.600000 0.128125 0.170833
5 0.583594 0.602083 0.129688 0.175000
6 0.232031 0.834375 0.132812 0.181250
7 0.417187 0.828125 0.125000 0.172917
8 0.583594 0.840625 0.139063 0.177083
