5 0.252344 0.229167 0.085938 0.116667
6 0.342187 0.226042 0.084375 0.122917
0 0.428125 0.220833 0.090625 0.116667
2 0.512500 0.222917 0.081250 0.116667
7 0.600000 0.229167 0.087500 0.108333
0 0.259375 0.395833 0.121875 0.162500
9 0.435937 0.393750 0.128125 0.170833
2 0.600781 0.415625 0.129688 0.164583
3 0.253906 0.627083 0.123438 0.170833
4 0.425000 0.633333 0.128125 0.170833
5 0.594531 0.637500 0.129688 0.175000
6 0.247656 0.848958 0.132812 0.181250
7 0.434375 0.851042 0.125000 0.172917
8 0.592969 0.865625 0.139063 0.177083
