5 0.294531 0.222917 0.085938 0.116667
6 0.378125 0.226042 0.084375 0.122917
0 0.467187 0.213542 0.084375 0.110417
2 0.550000 0.204167 0.081250 0.116667
7 0.637500 0.210417 0.087500 0.108333
0 0.300000 0.379167 0.121875 0.162500
9 0.478125 0.381250 0.128125 0.170833
2 0.638281 0.388542 0.129688 0.164583
3 0.292969 0.600000 0.123438 0.170833
4 0.468750 0.610417 0.128125 0.170833
5 0.639844 0.616667 0.129688 0.175000
6 0.291406 0.834375 0.132812 0.181250
7 0.473438 0.834375 0.125000 0.172917
8 0.638281 0.842708 0.139063 0.177083
