5 0.291406 0.195833 0.085938 0.116667
6 0.378125 0.196875 0.084375 0.122917
0 0.464062 0.186458 0.084375 0.110417
2 0.550000 0.189583 0.081250 0.116667
7 0.637500 0.187500 0.087500 0.108333
0 0.295312 0.354167 0.121875 0.162500
9 0.475000 0.354167 0.128125 0.170833
2 0.633594 0.361458 0.129688 0.164583
3 0.288281 0.579167 0.123438 0.170833
4 0.467187 0.583333 0.128125 0.170833
5 0.636719 0.589583 0.129688 0.175000
6 0.289844 0.809375 0.132812 0.181250
7 0.475000 0.809375 0.125000 0.172917
8 0.636719 0.813542 0.139063 0.177083
