5 0.292969 0.170833 0.085938 0.116667
6 0.376563 0.176042 0.084375 0.122917
0 0.462500 0.161458 0.084375 0.110417
2 0.551562 0.164583 0.081250 0.116667
7 0.635938 0.160417 0.087500 0.108333
0 0.296875 0.329167 0.121875 0.162500
9 0.478125 0.327083 0.128125 0.170833
2 0.638281 0.344792 0.129688 0.164583
3 0.286719 0.552083 0.123438 0.170833
4 0.459375 0.558333 0.128125 0.170833
5 0.633594 0.564583 0.129688 0.175000
6 0.283594 0.771875 0.132812 0.181250
7 0.471875 0.782292 0.125000 0.172917
8 0.636719 0.794792 0.139063 0.177083
