5 0.327344 0.108333 0.085938 0.116667
6 0.414062 0.109375 0.084375 0.122917
0 0.504687 0.109375 0.084375 0.110417
2 0.590625 0.104167 0.081250 0.116667
7 0.678125 0.104167 0.087500 0.108333
0 0.332813 0.270833 0.121875 0.162500
9 0.518750 0.277083 0.128125 0.170833
2 0.678906 0.292708 0.129688 0.164583
3 0.327344 0.502083 0.123438 0.170833
4 0.498437 0.510417 0.128125 0.170833
5 0.669531 0.518750 0.129688 0.175000
6 0.324219 0.726042 0.132812 0.181250
7 0.507812 0.730208 0.125000 0.172917
8 0.671094 0.746875 0.139063 0.177083
