5 0.487500 0.141667 0.093750 0.116667
6 0.577344 0.150000 0.085938 0.120833
0 0.671094 0.136458 0.095312 0.118750
2 0.757812 0.127083 0.084375 0.116667
7 0.850000 0.121875 0.096875 0.114583
0 0.493750 0.308333 0.137500 0.179167
1 0.677344 0.306250 0.132812 0.179167
2 0.850781 0.310417 0.145313 0.179167
3 0.489063 0.536458 0.146875 0.193750
4 0.668750 0.541667 0.140625 0.183333
5 0.852344 0.537500 0.145313 0.183333
6 0.492188 0.772917 0.146875 0.187500
7 0.675000 0.777083 0.140625 0.191667
8 0.857031 0.787500 0.151562 0.195833
