5 0.292187 0.178125 0.096875 0.127083
6 0.379688 0.180208 0.090625 0.114583
0 0.471875 0.171875 0.093750 0.114583
2 0.557813 0.166667 0.087500 0.120833
7 0.643750 0.169792 0.093750 0.135417
0 0.300781 0.344792 0.142187 0.172917
1 0.477344 0.343750 0.139063 0.170833
2 0.653125 0.348958 0.146875 0.181250
3 0.295312 0.583333 0.159375 0.195833
4 0.475781 0.573958 0.142187 0.181250
5 0.659375 0.575000 0.153125 0.187500
6 0.306250 0.819792 0.162500 0.189583
7 0.486719 0.814583 0.160938 0.195833
8 0.664062 0.819792 0.150000 0.197917
