5 0.453906 0.158333 0.085938 0.112500
6 0.542969 0.156250 0.079687 0.120833
0 0.636719 0.146875 0.095312 0.127083
2 0.725781 0.141667 0.092188 0.129167
7 0.812500 0.137500 0.106250 0.120833
0 0.460156 0.318750 0.148438 0.170833
1 0.639062 0.315625 0.146875 0.197917
2 0.818750 0.326042 0.156250 0.181250
3 0.455469 0.548958 0.139063 0.185417
4 0.636719 0.553125 0.139063 0.206250
5 0.821875 0.554167 0.156250 0.195833
6 0.462500 0.788542 0.140625 0.189583
7 0.659375 0.794792 0.165625 0.193750
8 0.832031 0.803125 0.164062 0.202083
