5 0.491406 0.144792 0.092188 0.131250
6 0.578125 0.151042 0.096875 0.106250
0 0.669531 0.141667 0.107813 0.133333
2 0.753906 0.131250 0.092188 0.133333
7 0.846875 0.131250 0.100000 0.129167
0 0.493750 0.316667 0.131250 0.175000
1 0.671875 0.313542 0.150000 0.177083
2 0.852344 0.317708 0.142187 0.181250
3 0.491406 0.545833 0.135937 0.175000
4 0.673438 0.545833 0.134375 0.166667
5 0.858594 0.546875 0.145313 0.193750
6 0.491406 0.783333 0.135937 0.179167
7 0.679688 0.789583 0.137500 0.191667
8 0.856250 0.801042 0.146875 0.185417
