5 0.490625 0.109375 0.096875 0.127083
6 0.575781 0.108333 0.082812 0.120833
0 0.664844 0.100000 0.095312 0.125000
2 0.758594 0.090625 0.085938 0.118750
7 0.850781 0.085417 0.098437 0.125000
0 0.489063 0.275000 0.140625 0.175000
1 0.676562 0.273958 0.150000 0.189583
2 0.851562 0.278125 0.140625 0.181250
3 0.489063 0.505208 0.146875 0.189583
4 0.671875 0.501042 0.143750 0.189583
5 0.853906 0.509375 0.148438 0.185417
6 0.479687 0.732292 0.140625 0.181250
7 0.677344 0.735417 0.142187 0.187500
8 0.851562 0.752083 0.153125 0.195833
