5 0.227344 0.075000 0.098437 0.133333
6 0.322656 0.080208 0.092188 0.135417
0 0.418750 0.085417 0.100000 0.137500
2 0.505469 0.088542 0.092188 0.122917
7 0.593750 0.097917 0.087500 0.133333
0 0.225000 0.237500 0.146875 0.183333
1 0.412500 0.257292 0.143750 0.185417
2 0.588281 0.282292 0.139063 0.177083
3 0.209375 0.479167 0.159375 0.191667
4 0.400000 0.497917 0.146875 0.200000
5 0.578125 0.508333 0.143750 0.204167
6 0.197656 0.719792 0.154688 0.193750
7 0.400000 0.732292 0.146875 0.185417
8 0.567969 0.750000 0.142187 0.162500
