5 0.174219 0.067708 0.092188 0.114583
6 0.270313 0.079167 0.093750 0.129167
0 0.363281 0.077083 0.089063 0.112500
2 0.456250 0.086458 0.093750 0.131250
7 0.542969 0.095833 0.089063 0.116667
0 0.175000 0.240625 0.146875 0.210417
1 0.356250 0.256250 0.150000 0.204167
2 0.536719 0.278125 0.151562 0.189583
3 0.150781 0.481250 0.157812 0.191667
4 0.345313 0.500000 0.146875 0.195833
5 0.535156 0.508333 0.139063 0.204167
6 0.146875 0.716667 0.156250 0.195833
7 0.345313 0.732292 0.146875 0.197917
8 0.521094 0.747917 0.139063 0.179167
