5 0.276562 0.089583 0.090625 0.145833
6 0.370312 0.097917 0.096875 0.125000
0 0.459375 0.090625 0.093750 0.127083
2 0.545312 0.091667 0.087500 0.125000
7 0.634375 0.093750 0.090625 0.125000
0 0.278125 0.261458 0.131250 0.181250
1 0.460938 0.264583 0.137500 0.175000
2 0.635938 0.285417 0.143750 0.183333
3 0.264844 0.494792 0.139063 0.177083
4 0.454688 0.505208 0.150000 0.181250
5 0.639062 0.508333 0.140625 0.191667
6 0.260937 0.738542 0.150000 0.193750
7 0.458594 0.745833 0.145313 0.183333
8 0.631250 0.757292 0.137500 0.197917
