5 0.324219 0.116667 0.089063 0.116667
6 0.414844 0.114583 0.089063 0.116667
0 0.507031 0.109375 0.089063 0.114583
2 0.596875 0.108333 0.087500 0.112500
7 0.679688 0.108333 0.087500 0.108333
0 0.325000 0.281250 0.131250 0.175000
1 0.514062 0.289583 0.134375 0.170833
2 0.688281 0.296875 0.135937 0.181250
3 0.315625 0.517708 0.140625 0.185417
4 0.508594 0.526042 0.145313 0.189583
5 0.685156 0.528125 0.145313 0.177083
6 0.317969 0.758333 0.145313 0.191667
7 0.510938 0.760417 0.137500 0.179167
8 0.678906 0.772917 0.151562 0.183333
