5 0.325781 0.098958 0.092188 0.118750
6 0.417969 0.109375 0.092188 0.127083
0 0.510156 0.093750 0.085938 0.133333
2 0.600000 0.093750 0.096875 0.133333
7 0.688281 0.093750 0.089063 0.120833
0 0.328906 0.276042 0.142187 0.189583
1 0.513281 0.270833 0.151562 0.175000
2 0.691406 0.284375 0.139063 0.181250
3 0.323437 0.502083 0.143750 0.191667
4 0.507031 0.507292 0.139063 0.189583
5 0.689844 0.514583 0.151562 0.191667
6 0.321094 0.742708 0.139063 0.181250
7 0.513281 0.741667 0.142187 0.187500
8 0.688281 0.756250 0.148438 0.200000
