0 0.341406 0.361458 0.120313 0.156250
1 0.525000 0.373958 0.118750 0.152083
2 0.694531 0.396875 0.126562 0.152083
3 0.323437 0.593750 0.125000 0.179167
4 0.515625 0.602083 0.125000 0.158333
5 0.690625 0.617708 0.128125 0.172917
6 0.314063 0.830208 0.134375 0.185417
7 0.510156 0.844792 0.117188 0.172917
8 0.684375 0.863542 0.137500 0.168750
5 0.344531 0.203125 0.082812 0.102083
6 0.435937 0.205208 0.078125 0.097917
0 0.523438 0.205208 0.078125 0.102083
2 0.610938 0.207292 0.078125 0.102083
7 0.700781 0.210417 0.079687 0.104167
