0 0.313281 0.346875 0.120313 0.156250
1 0.489063 0.361458 0.118750 0.152083
2 0.667969 0.382292 0.126562 0.152083
3 0.296094 0.571875 0.126562 0.168750
4 0.479687 0.591667 0.125000 0.158333
5 0.661719 0.601042 0.120313 0.164583
6 0.281250 0.819792 0.125000 0.168750
7 0.477344 0.829167 0.126562 0.179167
8 0.651563 0.853125 0.137500 0.168750
5 0.321094 0.192708 0.082812 0.102083
6 0.406250 0.198958 0.078125 0.097917
0 0.496094 0.201042 0.070312 0.093750
2 0.584375 0.203125 0.078125 0.102083
7 0.666406 0.210417 0.079687 0.104167
