0 0.305469 0.251042 0.120313 0.156250
1 0.485938 0.269792 0.118750 0.152083
2 0.661719 0.282292 0.126562 0.152083
3 0.294531 0.481250 0.126562 0.170833
4 0.477344 0.493750 0.132812 0.162500
5 0.659375 0.507292 0.128125 0.172917
6 0.282031 0.731250 0.123438 0.170833
7 0.478906 0.729167 0.123438 0.166667
8 0.648438 0.744792 0.137500 0.168750
5 0.305469 0.083333 0.073438 0.095833
6 0.398438 0.091667 0.078125 0.100000
0 0.489844 0.087500 0.073438 0.095833
2 0.573438 0.091667 0.078125 0.104167
7 0.661719 0.097917 0.079687 0.104167
