5 0.327344 0.072917 0.085938 0.120833
6 0.424219 0.081250 0.095312 0.129167
0 0.512500 0.079167 0.096875 0.120833
2 0.605469 0.081250 0.092188 0.120833
7 0.689063 0.090625 0.087500 0.139583
0 0.326562 0.240625 0.131250 0.177083
1 0.510156 0.257292 0.132812 0.193750
2 0.678906 0.273958 0.132812 0.185417
3 0.312500 0.473958 0.153125 0.185417
4 0.492969 0.492708 0.145313 0.206250
5 0.676562 0.502083 0.146875 0.195833
6 0.298438 0.715625 0.146875 0.189583
7 0.493750 0.723958 0.140625 0.193750
8 0.668750 0.747917 0.150000 0.191667
