0 0.275781 0.365625 0.120313 0.156250
1 0.454688 0.367708 0.118750 0.152083
2 0.624219 0.380208 0.126562 0.152083
3 0.260156 0.587500 0.126562 0.170833
4 0.441406 0.592708 0.126562 0.156250
5 0.618750 0.609375 0.128125 0.172917
6 0.244531 0.831250 0.123438 0.170833
7 0.446094 0.831250 0.123438 0.166667
8 0.617188 0.848958 0.137500 0.168750
5 0.274219 0.202083 0.073438 0.095833
6 0.364063 0.210417 0.078125 0.100000
0 0.453906 0.206250 0.073438 0.095833
2 0.540625 0.210417 0.078125 0.104167
7 0.627344 0.216667 0.079687 0.104167
