0 0.266406 0.376042 0.120313 0.156250
1 0.446875 0.384375 0.118750 0.152083
2 0.621094 0.403125 0.126562 0.152083
3 0.250781 0.604167 0.126562 0.170833
4 0.438281 0.611458 0.126562 0.156250
5 0.612500 0.621875 0.128125 0.172917
6 0.238281 0.850000 0.123438 0.170833
7 0.436719 0.852083 0.123438 0.166667
8 0.610938 0.863542 0.137500 0.168750
5 0.271094 0.218750 0.073438 0.095833
6 0.357812 0.227083 0.078125 0.100000
0 0.446094 0.221875 0.070312 0.102083
2 0.534375 0.222917 0.078125 0.104167
7 0.611719 0.231250 0.079687 0.104167
