0 0.253906 0.373958 0.120313 0.156250
1 0.440625 0.386458 0.118750 0.152083
2 0.611719 0.403125 0.126562 0.152083
3 0.235156 0.610417 0.126562 0.170833
4 0.428906 0.613542 0.126562 0.156250
5 0.609375 0.621875 0.128125 0.172917
6 0.232031 0.850000 0.123438 0.170833
7 0.430469 0.856250 0.123438 0.166667
8 0.601562 0.867708 0.128125 0.177083
5 0.261719 0.218750 0.073438 0.095833
6 0.350000 0.222917 0.078125 0.100000
0 0.439844 0.226042 0.079687 0.097917
2 0.521875 0.227083 0.078125 0.104167
7 0.605469 0.233333 0.079687 0.104167
