0 0.250781 0.392708 0.120313 0.156250
1 0.435937 0.392708 0.118750 0.152083
2 0.605469 0.407292 0.126562 0.152083
3 0.233594 0.610417 0.126562 0.170833
4 0.422656 0.623958 0.126562 0.156250
5 0.603125 0.634375 0.128125 0.172917
6 0.224219 0.858333 0.123438 0.170833
7 0.428906 0.864583 0.123438 0.166667
8 0.601562 0.876042 0.128125 0.177083
5 0.252344 0.231250 0.073438 0.095833
6 0.342187 0.239583 0.078125 0.100000
0 0.433594 0.234375 0.079687 0.097917
2 0.520312 0.229167 0.078125 0.104167
7 0.603906 0.239583 0.079687 0.104167
