0 0.189844 0.380208 0.120313 0.156250
1 0.376563 0.388542 0.118750 0.152083
2 0.549219 0.409375 0.126562 0.152083
3 0.166406 0.612500 0.126562 0.170833
4 0.364844 0.615625 0.126562 0.156250
5 0.546875 0.628125 0.128125 0.172917
6 0.158594 0.860417 0.123438 0.170833
7 0.360156 0.864583 0.123438 0.166667
8 0.535937 0.876042 0.128125 0.177083
5 0.192969 0.220833 0.073438 0.095833
6 0.284375 0.225000 0.078125 0.100000
0 0.372656 0.223958 0.079687 0.097917
2 0.457813 0.227083 0.078125 0.104167
7 0.541406 0.235417 0.079687 0.104167
