0 0.160156 0.363542 0.120313 0.156250
1 0.350000 0.382292 0.118750 0.152083
2 0.516406 0.396875 0.126562 0.152083
3 0.146094 0.604167 0.126562 0.170833
4 0.332031 0.605208 0.126562 0.156250
5 0.517188 0.623958 0.128125 0.172917
6 0.127344 0.845833 0.123438 0.170833
7 0.336719 0.850000 0.123438 0.166667
8 0.509375 0.861458 0.128125 0.177083
5 0.163281 0.204167 0.073438 0.095833
6 0.257812 0.218750 0.078125 0.100000
0 0.350781 0.215625 0.079687 0.097917
2 0.429688 0.218750 0.078125 0.104167
7 0.516406 0.222917 0.079687 0.104167
