5 0.250000 0.075000 0.093750 0.116667
6 0.345313 0.094792 0.100000 0.127083
0 0.438281 0.084375 0.092188 0.127083
2 0.527344 0.091667 0.085938 0.116667
7 0.613281 0.103125 0.082812 0.127083
0 0.245312 0.251042 0.137500 0.185417
1 0.433594 0.260417 0.139063 0.195833
2 0.609375 0.285417 0.143750 0.175000
3 0.230469 0.483333 0.154688 0.200000
4 0.419531 0.503125 0.151562 0.197917
5 0.597656 0.511458 0.135937 0.193750
6 0.218750 0.720833 0.150000 0.187500
7 0.416406 0.733333 0.157812 0.200000
8 0.589844 0.765625 0.160938 0.210417
