0 0.141406 0.384375 0.120313 0.156250
1 0.328125 0.396875 0.118750 0.152083
2 0.503906 0.417708 0.126562 0.152083
3 0.128906 0.625000 0.126562 0.170833
4 0.317969 0.628125 0.126562 0.156250
5 0.500000 0.636458 0.128125 0.172917
6 0.117969 0.869792 0.135937 0.181250
7 0.322656 0.870833 0.123438 0.166667
8 0.495312 0.882292 0.128125 0.177083
5 0.139844 0.228125 0.085938 0.106250
6 0.235937 0.231250 0.078125 0.100000
0 0.327344 0.232292 0.079687 0.097917
2 0.414062 0.229167 0.078125 0.104167
7 0.497656 0.241667 0.079687 0.104167
