0 0.257031 0.317708 0.120313 0.156250
1 0.445312 0.321875 0.118750 0.152083
2 0.611719 0.334375 0.126562 0.152083
3 0.250781 0.547917 0.126562 0.170833
4 0.433594 0.548958 0.126562 0.156250
5 0.615625 0.555208 0.128125 0.172917
6 0.242188 0.782292 0.137500 0.181250
7 0.439844 0.791667 0.123438 0.166667
8 0.609375 0.798958 0.128125 0.177083
5 0.252344 0.157292 0.085938 0.106250
6 0.346875 0.158333 0.078125 0.100000
0 0.435156 0.155208 0.079687 0.097917
2 0.521875 0.160417 0.078125 0.104167
7 0.607031 0.162500 0.079687 0.104167
