0 0.280469 0.284375 0.120313 0.156250
1 0.464062 0.288542 0.118750 0.152083
2 0.630469 0.303125 0.126562 0.152083
3 0.272656 0.518750 0.126562 0.170833
4 0.466406 0.517708 0.126562 0.156250
5 0.629687 0.526042 0.128125 0.172917
6 0.262500 0.755208 0.137500 0.181250
7 0.469531 0.752083 0.123438 0.166667
8 0.629687 0.767708 0.128125 0.177083
5 0.280469 0.119792 0.085938 0.106250
6 0.370312 0.127083 0.078125 0.100000
0 0.457031 0.121875 0.079687 0.097917
2 0.546875 0.122917 0.078125 0.104167
7 0.630469 0.122917 0.079687 0.104167
