0 0.324219 0.317708 0.120313 0.156250
1 0.509375 0.323958 0.118750 0.152083
2 0.672656 0.328125 0.126562 0.152083
3 0.313281 0.539583 0.126562 0.170833
4 0.503906 0.542708 0.126562 0.156250
5 0.675000 0.555208 0.128125 0.172917
6 0.307812 0.782292 0.137500 0.181250
7 0.492969 0.789583 0.123438 0.166667
8 0.673438 0.801042 0.128125 0.177083
5 0.324219 0.154167 0.085938 0.108333
6 0.404687 0.156250 0.078125 0.100000
0 0.499219 0.153125 0.067187 0.093750
2 0.584375 0.147917 0.078125 0.104167
7 0.664844 0.154167 0.079687 0.104167
