0 0.405469 0.332292 0.120313 0.156250
1 0.581250 0.340625 0.118750 0.152083
2 0.758594 0.346875 0.126562 0.152083
3 0.399219 0.555208 0.114062 0.160417
4 0.580469 0.557292 0.126562 0.156250
5 0.756250 0.571875 0.128125 0.172917
6 0.395313 0.792708 0.125000 0.177083
7 0.575781 0.797917 0.123438 0.166667
8 0.754687 0.811458 0.128125 0.177083
5 0.402344 0.173958 0.082812 0.102083
6 0.492188 0.173958 0.078125 0.097917
0 0.576562 0.169792 0.075000 0.097917
2 0.660937 0.168750 0.071875 0.104167
7 0.749219 0.164583 0.079687 0.104167
