0 0.421094 0.328125 0.120313 0.156250
1 0.596875 0.330208 0.118750 0.152083
2 0.766406 0.342708 0.126562 0.152083
3 0.405469 0.553125 0.114062 0.160417
4 0.589844 0.557292 0.126562 0.156250
5 0.767188 0.563542 0.128125 0.172917
6 0.401562 0.792708 0.125000 0.177083
7 0.592969 0.795833 0.123438 0.166667
8 0.765625 0.809375 0.128125 0.177083
5 0.411719 0.167708 0.082812 0.102083
6 0.503125 0.169792 0.078125 0.097917
0 0.593750 0.165625 0.075000 0.097917
2 0.675000 0.160417 0.071875 0.104167
7 0.763281 0.160417 0.079687 0.104167
