0 0.424219 0.328125 0.120313 0.156250
1 0.607812 0.330208 0.118750 0.152083
2 0.778906 0.344792 0.126562 0.152083
3 0.419531 0.555208 0.114062 0.160417
4 0.596094 0.563542 0.126562 0.156250
5 0.779687 0.567708 0.128125 0.172917
6 0.415625 0.796875 0.125000 0.177083
7 0.603906 0.800000 0.123438 0.166667
8 0.775000 0.813542 0.128125 0.177083
5 0.425781 0.169792 0.082812 0.102083
6 0.510938 0.169792 0.078125 0.097917
0 0.600000 0.167708 0.075000 0.097917
2 0.689063 0.162500 0.071875 0.104167
7 0.777344 0.164583 0.079687 0.104167
