0 0.489844 0.292708 0.120313 0.156250
1 0.671875 0.298958 0.118750 0.152083
2 0.850781 0.303125 0.126562 0.152083
3 0.478906 0.519792 0.114062 0.160417
4 0.663281 0.521875 0.126562 0.156250
5 0.851562 0.528125 0.128125 0.172917
6 0.479687 0.753125 0.125000 0.177083
7 0.671094 0.760417 0.123438 0.166667
8 0.843750 0.780208 0.128125 0.177083
5 0.492188 0.132292 0.075000 0.102083
6 0.579688 0.134375 0.078125 0.097917
0 0.667188 0.123958 0.075000 0.097917
2 0.753125 0.120833 0.071875 0.104167
7 0.844531 0.120833 0.079687 0.104167
