0 0.438281 0.280208 0.120313 0.156250
1 0.610938 0.284375 0.118750 0.152083
2 0.792969 0.288542 0.126562 0.152083
3 0.428906 0.509375 0.114062 0.160417
4 0.610156 0.509375 0.126562 0.156250
5 0.795312 0.519792 0.128125 0.172917
6 0.421875 0.744792 0.125000 0.177083
7 0.617969 0.747917 0.123438 0.166667
8 0.790625 0.763542 0.128125 0.177083
5 0.437500 0.121875 0.075000 0.102083
6 0.521875 0.121875 0.078125 0.097917
0 0.614062 0.111458 0.075000 0.097917
2 0.696875 0.108333 0.071875 0.104167
7 0.788281 0.108333 0.079687 0.104167
