0 0.295312 0.270833 0.121875 0.158333
1 0.478125 0.279167 0.121875 0.154167
2 0.643750 0.295833 0.118750 0.150000
3 0.281250 0.503125 0.131250 0.172917
4 0.476562 0.509375 0.125000 0.160417
5 0.642969 0.523958 0.123438 0.172917
6 0.274219 0.743750 0.120313 0.170833
7 0.467187 0.745833 0.131250 0.166667
8 0.634375 0.759375 0.125000 0.156250
5 0.291406 0.112500 0.079687 0.095833
6 0.382812 0.116667 0.078125 0.100000
0 0.471875 0.113542 0.081250 0.106250
2 0.560156 0.115625 0.076563 0.097917
7 0.647656 0.117708 0.079687 0.106250
