0 0.273438 0.279167 0.121875 0.162500
1 0.450000 0.287500 0.121875 0.154167
2 0.621875 0.306250 0.118750 0.150000
3 0.256250 0.511458 0.131250 0.172917
4 0.440625 0.513542 0.125000 0.160417
5 0.617188 0.526042 0.121875 0.168750
6 0.245312 0.742708 0.128125 0.172917
7 0.439063 0.754167 0.131250 0.166667
8 0.609375 0.767708 0.125000 0.156250
5 0.272656 0.112500 0.079687 0.095833
6 0.360938 0.118750 0.078125 0.100000
0 0.454688 0.117708 0.081250 0.106250
2 0.539844 0.119792 0.076563 0.097917
7 0.625781 0.128125 0.079687 0.106250
