0 0.248438 0.289583 0.121875 0.162500
1 0.429688 0.297917 0.121875 0.154167
2 0.600000 0.316667 0.118750 0.150000
3 0.231250 0.523958 0.131250 0.172917
4 0.417187 0.523958 0.125000 0.160417
5 0.595313 0.540625 0.121875 0.168750
6 0.224219 0.756250 0.126562 0.179167
7 0.415625 0.760417 0.131250 0.166667
8 0.589063 0.777083 0.125000 0.166667
5 0.249219 0.127083 0.079687 0.095833
6 0.335938 0.131250 0.078125 0.100000
0 0.428125 0.126042 0.081250 0.106250
2 0.513281 0.130208 0.076563 0.097917
7 0.600781 0.138542 0.079687 0.106250
