5 0.211719 0.083333 0.101562 0.129167
6 0.306250 0.090625 0.090625 0.135417
0 0.397656 0.088542 0.095312 0.135417
2 0.488281 0.092708 0.085938 0.127083
7 0.578906 0.102083 0.101562 0.116667
0 0.208594 0.258333 0.154688 0.183333
1 0.400000 0.269792 0.146875 0.181250
2 0.570312 0.284375 0.146875 0.168750
3 0.201563 0.491667 0.150000 0.183333
4 0.385156 0.506250 0.142187 0.200000
5 0.570312 0.513542 0.146875 0.185417
6 0.192969 0.736458 0.154688 0.202083
7 0.388281 0.734375 0.151562 0.197917
8 0.564844 0.764583 0.142187 0.200000
