0 0.354687 0.337500 0.121875 0.158333
9 0.536719 0.334375 0.114062 0.152083
2 0.696875 0.354167 0.118750 0.154167
3 0.342187 0.554167 0.121875 0.170833
4 0.518750 0.567708 0.125000 0.168750
5 0.690625 0.586458 0.121875 0.177083
6 0.339844 0.781250 0.132812 0.162500
7 0.523438 0.785417 0.125000 0.170833
8 0.681250 0.813542 0.125000 0.156250
5 0.352344 0.175000 0.079687 0.104167
6 0.435156 0.173958 0.076563 0.102083
0 0.524219 0.172917 0.076563 0.108333
2 0.610938 0.166667 0.071875 0.100000
7 0.700000 0.164583 0.078125 0.095833
