5 0.263281 0.095833 0.092188 0.129167
6 0.355469 0.102083 0.092188 0.129167
0 0.446875 0.088542 0.090625 0.114583
2 0.536719 0.093750 0.085938 0.120833
7 0.624219 0.093750 0.095312 0.120833
0 0.271094 0.261458 0.139063 0.189583
1 0.446875 0.271875 0.131250 0.185417
2 0.628125 0.279167 0.150000 0.170833
3 0.255469 0.498958 0.145313 0.172917
4 0.451562 0.503125 0.146875 0.193750
5 0.624219 0.510417 0.145313 0.170833
6 0.250781 0.740625 0.151562 0.193750
7 0.446875 0.739583 0.143750 0.187500
8 0.617188 0.758333 0.137500 0.191667
