0 0.310156 0.308333 0.123438 0.158333
9 0.502344 0.304167 0.126562 0.166667
2 0.688281 0.314583 0.129688 0.166667
3 0.300781 0.565625 0.129688 0.185417
4 0.492188 0.563542 0.125000 0.168750
5 0.685937 0.565625 0.121875 0.177083
6 0.300781 0.810417 0.132812 0.162500
7 0.514062 0.802083 0.125000 0.170833
8 0.685937 0.813542 0.128125 0.172917
5 0.307031 0.131250 0.079687 0.104167
6 0.398438 0.130208 0.081250 0.110417
0 0.498437 0.117708 0.087500 0.110417
2 0.586719 0.115625 0.076563 0.114583
7 0.697656 0.127083 0.079687 0.108333
