0 0.146875 0.295833 0.143750 0.195833
9 0.366406 0.298958 0.139063 0.189583
2 0.558594 0.320833 0.145313 0.195833
3 0.135937 0.560417 0.146875 0.200000
4 0.343750 0.568750 0.140625 0.191667
5 0.553125 0.583333 0.143750 0.204167
6 0.131250 0.834375 0.140625 0.189583
7 0.353125 0.839583 0.137500 0.179167
8 0.542969 0.855208 0.145313 0.177083
5 0.147656 0.100000 0.092188 0.120833
6 0.252344 0.102083 0.092188 0.125000
0 0.359375 0.102083 0.090625 0.116667
2 0.463281 0.103125 0.092188 0.118750
7 0.562500 0.109375 0.090625 0.122917
