0 0.123438 0.294792 0.146875 0.193750
9 0.344531 0.298958 0.139063 0.185417
2 0.533594 0.322917 0.142187 0.179167
3 0.110156 0.565625 0.151562 0.197917
4 0.324219 0.572917 0.139063 0.195833
5 0.530469 0.582292 0.139063 0.193750
6 0.106250 0.835417 0.146875 0.191667
7 0.328906 0.838542 0.145313 0.185417
8 0.521094 0.851042 0.148438 0.177083
5 0.123438 0.095833 0.096875 0.125000
6 0.227344 0.100000 0.098437 0.125000
0 0.337500 0.102083 0.096875 0.129167
2 0.438281 0.103125 0.095312 0.118750
7 0.537500 0.109375 0.090625 0.122917
