0 0.109375 0.298958 0.146875 0.193750
9 0.328906 0.307292 0.139063 0.185417
2 0.519531 0.320833 0.142187 0.179167
3 0.100000 0.573958 0.153125 0.197917
4 0.314844 0.570833 0.139063 0.195833
5 0.514844 0.573958 0.139063 0.193750
6 0.100000 0.835417 0.146875 0.191667
7 0.324219 0.840625 0.145313 0.185417
8 0.513281 0.846875 0.148438 0.177083
5 0.103906 0.106250 0.098437 0.125000
6 0.207031 0.110417 0.098437 0.125000
0 0.320312 0.100000 0.096875 0.129167
2 0.421094 0.103125 0.095312 0.118750
7 0.517188 0.103125 0.090625 0.122917
