0 0.117188 0.323958 0.146875 0.193750
9 0.338281 0.323958 0.139063 0.185417
2 0.528906 0.337500 0.142187 0.179167
3 0.112500 0.603125 0.153125 0.197917
4 0.325781 0.595833 0.139063 0.195833
5 0.525781 0.592708 0.139063 0.193750
6 0.118750 0.875000 0.146875 0.191667
7 0.342969 0.863542 0.145313 0.185417
8 0.533594 0.859375 0.148438 0.177083
5 0.106250 0.122917 0.100000 0.125000
6 0.210156 0.131250 0.098437 0.125000
0 0.321875 0.129167 0.096875 0.129167
2 0.414844 0.119792 0.095312 0.118750
7 0.518750 0.115625 0.090625 0.122917
