0 0.254688 0.346875 0.146875 0.193750
9 0.457813 0.330208 0.140625 0.185417
2 0.652344 0.337500 0.142187 0.179167
3 0.253125 0.609375 0.153125 0.197917
4 0.458594 0.600000 0.139063 0.195833
5 0.655469 0.596875 0.139063 0.193750
6 0.264062 0.868750 0.146875 0.191667
7 0.478125 0.855208 0.146875 0.185417
8 0.664844 0.865625 0.148438 0.177083
5 0.244531 0.156250 0.098437 0.125000
6 0.342969 0.154167 0.098437 0.125000
0 0.442188 0.141667 0.100000 0.129167
2 0.544531 0.132292 0.095312 0.118750
7 0.642188 0.123958 0.090625 0.122917
