0 0.312500 0.338542 0.146875 0.193750
9 0.510938 0.330208 0.140625 0.185417
2 0.703906 0.335417 0.142187 0.179167
3 0.301563 0.596875 0.153125 0.197917
4 0.510156 0.593750 0.139063 0.195833
5 0.710156 0.590625 0.139063 0.193750
6 0.312500 0.852083 0.146875 0.191667
7 0.529687 0.855208 0.146875 0.185417
8 0.711719 0.859375 0.148438 0.177083
5 0.300781 0.152083 0.098437 0.125000
6 0.395313 0.150000 0.100000 0.125000
0 0.496875 0.137500 0.100000 0.129167
2 0.599219 0.126042 0.095312 0.118750
7 0.690625 0.123958 0.090625 0.122917
