5 0.276562 0.102083 0.100000 0.129167
6 0.371094 0.104167 0.104688 0.120833
0 0.464844 0.100000 0.089063 0.125000
2 0.549219 0.092708 0.092188 0.118750
7 0.638281 0.101042 0.092188 0.127083
0 0.282813 0.271875 0.134375 0.168750
1 0.465625 0.278125 0.137500 0.181250
2 0.642188 0.289583 0.143750 0.183333
3 0.275781 0.509375 0.148438 0.189583
4 0.460156 0.510417 0.135937 0.183333
5 0.638281 0.517708 0.142187 0.181250
6 0.267188 0.750000 0.143750 0.187500
7 0.466406 0.748958 0.142187 0.181250
8 0.635938 0.766667 0.137500 0.179167
