0 0.502344 0.278125 0.148438 0.193750
9 0.701562 0.286458 0.140625 0.185417
2 0.896094 0.291667 0.142187 0.179167
3 0.486719 0.538542 0.154688 0.197917
4 0.685156 0.536458 0.139063 0.197917
5 0.897656 0.548958 0.139063 0.193750
6 0.487500 0.783333 0.150000 0.191667
7 0.695312 0.796875 0.146875 0.185417
8 0.892969 0.817708 0.148438 0.177083
5 0.490625 0.100000 0.100000 0.125000
6 0.589844 0.101042 0.089063 0.122917
0 0.699219 0.088542 0.082812 0.122917
2 0.796094 0.079167 0.092188 0.129167
7 0.892969 0.072917 0.095312 0.125000
