0 0.466406 0.294792 0.148438 0.193750
9 0.670312 0.296875 0.140625 0.185417
2 0.863281 0.314583 0.142187 0.179167
3 0.457031 0.559375 0.154688 0.197917
4 0.653906 0.563542 0.139063 0.197917
5 0.858594 0.567708 0.139063 0.193750
6 0.454688 0.810417 0.150000 0.191667
7 0.662500 0.821875 0.146875 0.185417
8 0.855469 0.844792 0.148438 0.177083
5 0.460938 0.117708 0.100000 0.127083
6 0.558594 0.112500 0.089063 0.125000
0 0.664062 0.103125 0.090625 0.118750
2 0.761719 0.103125 0.092188 0.127083
7 0.861719 0.093750 0.095312 0.125000
