0 0.428906 0.298958 0.148438 0.193750
9 0.634375 0.301042 0.140625 0.185417
2 0.825781 0.316667 0.142187 0.179167
3 0.416406 0.544792 0.154688 0.197917
4 0.611719 0.563542 0.139063 0.197917
5 0.811719 0.573958 0.139063 0.193750
6 0.415625 0.810417 0.150000 0.191667
7 0.618750 0.817708 0.146875 0.185417
7 0.805469 0.834375 0.148438 0.177083
5 0.421875 0.113542 0.100000 0.127083
6 0.522656 0.114583 0.089063 0.125000
0 0.620313 0.107292 0.090625 0.118750
2 0.727344 0.107292 0.092188 0.127083
7 0.827344 0.108333 0.095312 0.125000
