0 0.363281 0.303125 0.148438 0.193750
9 0.570312 0.301042 0.140625 0.185417
2 0.759375 0.314583 0.143750 0.179167
3 0.352344 0.555208 0.154688 0.197917
4 0.557031 0.565625 0.139063 0.197917
5 0.752344 0.573958 0.139063 0.193750
6 0.353125 0.806250 0.150000 0.191667
7 0.556250 0.817708 0.146875 0.185417
8 0.749219 0.836458 0.148438 0.177083
5 0.364063 0.123958 0.100000 0.127083
6 0.458594 0.122917 0.089063 0.125000
0 0.560937 0.111458 0.090625 0.118750
2 0.661719 0.111458 0.092188 0.127083
7 0.758594 0.104167 0.095312 0.125000
