0 0.349219 0.298958 0.148438 0.193750
9 0.554688 0.292708 0.140625 0.185417
2 0.740625 0.314583 0.143750 0.179167
3 0.336719 0.555208 0.154688 0.197917
4 0.525781 0.555208 0.139063 0.197917
5 0.735156 0.569792 0.139063 0.193750
6 0.329688 0.797917 0.150000 0.191667
7 0.537500 0.811458 0.146875 0.185417
8 0.727344 0.823958 0.148438 0.177083
5 0.343750 0.109375 0.100000 0.127083
6 0.444531 0.112500 0.089063 0.125000
0 0.545312 0.101042 0.090625 0.118750
2 0.642969 0.105208 0.092188 0.127083
7 0.744531 0.102083 0.095312 0.125000
