0 0.307031 0.290625 0.148438 0.193750
9 0.503125 0.296875 0.140625 0.185417
2 0.695312 0.316667 0.143750 0.179167
3 0.291406 0.553125 0.154688 0.197917
4 0.488281 0.553125 0.139063 0.197917
5 0.685156 0.561458 0.139063 0.193750
6 0.298438 0.802083 0.150000 0.191667
7 0.492188 0.807292 0.146875 0.185417
8 0.683594 0.832292 0.148438 0.177083
5 0.301563 0.105208 0.100000 0.127083
6 0.400781 0.110417 0.089063 0.125000
0 0.504687 0.101042 0.090625 0.118750
2 0.600781 0.098958 0.092188 0.127083
7 0.696094 0.104167 0.095312 0.125000
