5 0.285938 0.104167 0.090625 0.129167
6 0.378125 0.112500 0.093750 0.133333
0 0.472656 0.100000 0.092188 0.120833
2 0.559375 0.100000 0.087500 0.112500
7 0.648438 0.105208 0.090625 0.122917
0 0.288281 0.269792 0.132812 0.164583
1 0.471094 0.277083 0.135937 0.170833
2 0.650781 0.296875 0.148438 0.185417
3 0.280469 0.511458 0.142187 0.189583
4 0.466406 0.514583 0.148438 0.179167
5 0.650000 0.521875 0.153125 0.193750
6 0.276562 0.745833 0.165625 0.191667
7 0.471094 0.753125 0.145313 0.202083
8 0.646875 0.759375 0.150000 0.181250
