0 0.274219 0.294792 0.148438 0.193750
9 0.471875 0.292708 0.140625 0.185417
2 0.664062 0.306250 0.143750 0.179167
3 0.258594 0.551042 0.154688 0.197917
4 0.457813 0.555208 0.140625 0.197917
5 0.655469 0.555208 0.139063 0.193750
6 0.259375 0.806250 0.150000 0.191667
7 0.468750 0.811458 0.146875 0.185417
8 0.655469 0.828125 0.148438 0.177083
5 0.265625 0.107292 0.100000 0.127083
6 0.363281 0.112500 0.089063 0.125000
0 0.470313 0.098958 0.090625 0.118750
2 0.563281 0.105208 0.092188 0.127083
7 0.658594 0.104167 0.095312 0.125000
