0 0.274219 0.303125 0.148438 0.193750
9 0.478125 0.301042 0.140625 0.185417
2 0.664062 0.316667 0.143750 0.179167
3 0.266406 0.548958 0.154688 0.197917
4 0.467187 0.561458 0.140625 0.197917
5 0.661719 0.567708 0.139063 0.193750
6 0.270313 0.810417 0.150000 0.191667
7 0.470313 0.811458 0.146875 0.185417
8 0.657031 0.828125 0.148438 0.177083
5 0.273438 0.126042 0.100000 0.127083
6 0.371094 0.116667 0.089063 0.125000
0 0.471875 0.107292 0.090625 0.118750
2 0.566406 0.109375 0.092188 0.127083
7 0.663281 0.114583 0.095312 0.125000
