0 0.296094 0.336458 0.148438 0.193750
9 0.492188 0.330208 0.140625 0.185417
2 0.673438 0.364583 0.143750 0.179167
3 0.289844 0.576042 0.154688 0.197917
4 0.476562 0.596875 0.140625 0.197917
5 0.664844 0.601042 0.139063 0.193750
6 0.278125 0.831250 0.150000 0.191667
7 0.484375 0.844792 0.146875 0.185417
8 0.657031 0.855208 0.148438 0.177083
5 0.293750 0.165625 0.100000 0.127083
6 0.387500 0.162500 0.090625 0.125000
0 0.487500 0.163542 0.090625 0.118750
2 0.574219 0.161458 0.092188 0.127083
7 0.672656 0.162500 0.095312 0.125000
