5 0.292187 0.105208 0.093750 0.135417
6 0.384375 0.107292 0.087500 0.114583
0 0.475000 0.105208 0.090625 0.118750
2 0.565625 0.102083 0.087500 0.137500
7 0.653906 0.103125 0.089063 0.122917
0 0.296094 0.278125 0.135937 0.185417
1 0.481250 0.281250 0.140625 0.166667
2 0.656250 0.290625 0.150000 0.181250
3 0.288281 0.514583 0.139063 0.187500
4 0.474219 0.514583 0.139063 0.183333
5 0.655469 0.522917 0.142187 0.195833
6 0.285938 0.744792 0.140625 0.185417
7 0.482031 0.755208 0.148438 0.185417
8 0.650781 0.765625 0.142187 0.202083
