0 0.314844 0.346875 0.148438 0.193750
9 0.506250 0.342708 0.140625 0.185417
2 0.671875 0.364583 0.146875 0.200000
3 0.307031 0.578125 0.154688 0.197917
4 0.487500 0.586458 0.140625 0.197917
5 0.667969 0.605208 0.139063 0.193750
6 0.306250 0.808333 0.150000 0.191667
7 0.492188 0.809375 0.146875 0.185417
8 0.664844 0.826042 0.148438 0.177083
5 0.314063 0.171875 0.100000 0.127083
6 0.404687 0.179167 0.090625 0.125000
0 0.500000 0.176042 0.090625 0.118750
2 0.580469 0.167708 0.092188 0.127083
7 0.669531 0.172917 0.095312 0.125000
