0 0.293750 0.283333 0.125000 0.162500
9 0.476562 0.286458 0.131250 0.172917
2 0.633594 0.318750 0.135937 0.187500
3 0.288281 0.506250 0.129688 0.170833
4 0.452344 0.519792 0.123438 0.177083
5 0.626563 0.527083 0.131250 0.170833
6 0.277344 0.731250 0.126562 0.170833
7 0.459375 0.739583 0.121875 0.166667
8 0.610938 0.760417 0.115625 0.170833
5 0.292969 0.131250 0.092188 0.116667
6 0.375781 0.131250 0.079687 0.095833
0 0.470313 0.129167 0.075000 0.100000
2 0.550781 0.129167 0.085938 0.116667
7 0.631250 0.136458 0.071875 0.102083
