0 0.234375 0.237500 0.125000 0.162500
9 0.410938 0.246875 0.131250 0.172917
2 0.574219 0.266667 0.135937 0.187500
3 0.219531 0.466667 0.129688 0.170833
4 0.399219 0.469792 0.123438 0.177083
5 0.562500 0.489583 0.131250 0.170833
6 0.214844 0.691667 0.126562 0.170833
7 0.392188 0.695833 0.121875 0.166667
8 0.550000 0.712500 0.115625 0.170833
5 0.233594 0.071875 0.082812 0.114583
6 0.315625 0.083333 0.078125 0.112500
0 0.408594 0.077083 0.076563 0.108333
2 0.492188 0.082292 0.078125 0.102083
7 0.575781 0.087500 0.076563 0.108333
