0 0.200000 0.313542 0.125000 0.164583
9 0.381250 0.321875 0.131250 0.172917
2 0.542969 0.331250 0.135937 0.187500
3 0.189844 0.537500 0.129688 0.170833
4 0.366406 0.546875 0.123438 0.177083
5 0.532813 0.552083 0.131250 0.170833
6 0.182031 0.768750 0.126562 0.170833
7 0.371094 0.764583 0.123438 0.166667
8 0.534375 0.772917 0.115625 0.170833
5 0.197656 0.148958 0.082812 0.114583
6 0.284375 0.151042 0.078125 0.114583
0 0.372656 0.150000 0.076563 0.108333
2 0.460938 0.148958 0.078125 0.102083
7 0.541406 0.156250 0.076563 0.108333
