0 0.232813 0.365625 0.125000 0.164583
9 0.407031 0.371875 0.132812 0.172917
2 0.572656 0.391667 0.135937 0.187500
3 0.217969 0.595833 0.129688 0.170833
4 0.396094 0.596875 0.123438 0.177083
5 0.567187 0.608333 0.131250 0.170833
6 0.219531 0.820833 0.126562 0.170833
7 0.402344 0.818750 0.123438 0.166667
8 0.567187 0.827083 0.115625 0.170833
5 0.221094 0.207292 0.082812 0.114583
6 0.309375 0.203125 0.078125 0.114583
0 0.403125 0.200000 0.078125 0.108333
2 0.484375 0.207292 0.078125 0.102083
7 0.569531 0.212500 0.076563 0.108333
