0 0.265625 0.373958 0.125000 0.164583
9 0.436719 0.378125 0.132812 0.172917
2 0.600781 0.397917 0.135937 0.187500
3 0.255469 0.600000 0.129688 0.170833
4 0.424219 0.603125 0.123438 0.177083
5 0.603125 0.606250 0.131250 0.170833
6 0.247656 0.816667 0.126562 0.170833
7 0.428125 0.820833 0.125000 0.166667
8 0.590625 0.829167 0.115625 0.170833
5 0.264844 0.217708 0.082812 0.114583
6 0.348438 0.209375 0.078125 0.114583
0 0.434375 0.210417 0.078125 0.108333
2 0.518750 0.213542 0.078125 0.102083
7 0.605469 0.216667 0.076563 0.108333
