0 0.329688 0.405208 0.125000 0.164583
9 0.499219 0.403125 0.132812 0.172917
2 0.666406 0.425000 0.135937 0.187500
3 0.316406 0.622917 0.129688 0.170833
4 0.499219 0.623958 0.123438 0.177083
5 0.659375 0.639583 0.131250 0.170833
6 0.317969 0.843750 0.126562 0.170833
7 0.495312 0.847917 0.125000 0.166667
8 0.660937 0.866667 0.115625 0.170833
5 0.327344 0.242708 0.082812 0.114583
6 0.406250 0.236458 0.078125 0.114583
0 0.495312 0.231250 0.078125 0.108333
2 0.576562 0.238542 0.078125 0.102083
7 0.657031 0.235417 0.076563 0.108333
