5 0.521094 0.229167 0.085938 0.116667
6 0.606250 0.222917 0.081250 0.104167
0 0.692187 0.215625 0.090625 0.114583
2 0.778906 0.212500 0.089063 0.112500
7 0.864844 0.212500 0.089063 0.120833
0 0.526563 0.381250 0.121875 0.162500
9 0.701562 0.381250 0.128125 0.170833
2 0.867969 0.392708 0.129688 0.164583
3 0.520312 0.606250 0.121875 0.166667
4 0.689063 0.610417 0.125000 0.170833
5 0.867969 0.616667 0.129688 0.175000
6 0.516406 0.826042 0.123438 0.177083
7 0.698438 0.834375 0.125000 0.172917
8 0.863281 0.851042 0.139063 0.177083
