5 0.477344 0.168750 0.085938 0.116667
6 0.564063 0.160417 0.081250 0.104167
0 0.654687 0.157292 0.090625 0.114583
2 0.739844 0.156250 0.089063 0.112500
7 0.824219 0.158333 0.089063 0.120833
0 0.485938 0.320833 0.121875 0.162500
9 0.659375 0.327083 0.128125 0.170833
2 0.822656 0.338542 0.129688 0.164583
3 0.471875 0.533333 0.121875 0.166667
4 0.642188 0.552083 0.125000 0.170833
5 0.821094 0.564583 0.129688 0.175000
6 0.467969 0.771875 0.123438 0.177083
7 0.645312 0.776042 0.125000 0.172917
8 0.805469 0.796875 0.139063 0.177083
