0 0.317188 0.253125 0.137500 0.172917
1 0.492969 0.271875 0.145313 0.181250
2 0.663281 0.291667 0.129688 0.166667
3 0.296094 0.473958 0.145313 0.185417
4 0.474219 0.495833 0.148438 0.200000
5 0.657031 0.516667 0.160938 0.183333
6 0.284375 0.705208 0.146875 0.189583
7 0.467187 0.725000 0.150000 0.195833
8 0.637500 0.750000 0.150000 0.187500
5 0.317188 0.092708 0.090625 0.127083
6 0.407813 0.107292 0.087500 0.143750
0 0.500000 0.104167 0.084375 0.120833
2 0.584375 0.110417 0.084375 0.108333
7 0.667188 0.116667 0.087500 0.129167
