5 0.455469 0.139583 0.085938 0.116667
6 0.534375 0.135417 0.081250 0.104167
0 0.629687 0.132292 0.090625 0.114583
2 0.710156 0.133333 0.089063 0.112500
7 0.797656 0.129167 0.089063 0.120833
0 0.453125 0.295833 0.121875 0.162500
9 0.629687 0.297917 0.128125 0.170833
2 0.786719 0.309375 0.129688 0.164583
3 0.439063 0.520833 0.121875 0.166667
4 0.610938 0.520833 0.125000 0.170833
5 0.786719 0.537500 0.129688 0.175000
6 0.441406 0.746875 0.123438 0.177083
7 0.615625 0.759375 0.125000 0.172917
8 0.780469 0.776042 0.139063 0.177083
