5 0.410156 0.116667 0.085938 0.116667
6 0.495312 0.118750 0.081250 0.104167
0 0.585938 0.115625 0.090625 0.114583
2 0.669531 0.115625 0.089063 0.114583
7 0.760156 0.118750 0.089063 0.120833
0 0.414062 0.277083 0.121875 0.162500
9 0.590625 0.283333 0.128125 0.170833
2 0.750781 0.296875 0.129688 0.164583
3 0.398438 0.500000 0.121875 0.166667
4 0.571875 0.510417 0.125000 0.170833
5 0.747656 0.522917 0.129688 0.175000
6 0.399219 0.723958 0.123438 0.177083
7 0.573438 0.738542 0.125000 0.172917
8 0.742969 0.755208 0.139063 0.177083
