5 0.396094 0.116667 0.085938 0.116667
6 0.482812 0.116667 0.081250 0.104167
0 0.571875 0.113542 0.090625 0.114583
2 0.661719 0.113542 0.089063 0.114583
7 0.747656 0.114583 0.089063 0.120833
0 0.403125 0.275000 0.121875 0.162500
9 0.581250 0.279167 0.128125 0.170833
2 0.741406 0.296875 0.129688 0.164583
3 0.390625 0.495833 0.121875 0.166667
4 0.557813 0.506250 0.125000 0.170833
5 0.739844 0.518750 0.129688 0.175000
6 0.392969 0.728125 0.123438 0.177083
7 0.564063 0.734375 0.125000 0.172917
8 0.716406 0.746875 0.139063 0.177083
