5 0.382031 0.112500 0.085938 0.116667
6 0.468750 0.112500 0.081250 0.104167
0 0.562500 0.109375 0.090625 0.114583
2 0.647656 0.107292 0.089063 0.114583
7 0.730469 0.110417 0.089063 0.120833
0 0.382812 0.272917 0.121875 0.162500
9 0.567187 0.272917 0.128125 0.170833
2 0.722656 0.290625 0.129688 0.164583
3 0.378125 0.491667 0.121875 0.166667
4 0.545312 0.502083 0.125000 0.170833
5 0.721094 0.520833 0.129688 0.175000
6 0.378906 0.719792 0.123438 0.177083
7 0.548438 0.732292 0.125000 0.172917
8 0.716406 0.746875 0.139063 0.177083
