5 0.338281 0.106250 0.085938 0.116667
6 0.418750 0.106250 0.081250 0.104167
0 0.517188 0.105208 0.090625 0.114583
2 0.599219 0.098958 0.089063 0.114583
7 0.686719 0.104167 0.089063 0.120833
0 0.340625 0.268750 0.121875 0.162500
9 0.523438 0.272917 0.128125 0.170833
2 0.680469 0.290625 0.129688 0.164583
3 0.342187 0.491667 0.121875 0.166667
4 0.504687 0.500000 0.125000 0.170833
5 0.675781 0.506250 0.129688 0.175000
6 0.332031 0.719792 0.123438 0.177083
7 0.507812 0.719792 0.125000 0.172917
8 0.667969 0.740625 0.139063 0.177083
