5 0.299219 0.104167 0.085938 0.116667
6 0.385937 0.108333 0.081250 0.104167
0 0.476562 0.106250 0.090625 0.116667
2 0.563281 0.104167 0.089063 0.116667
7 0.650781 0.110417 0.089063 0.120833
0 0.303125 0.268750 0.121875 0.162500
9 0.482812 0.277083 0.128125 0.170833
2 0.639844 0.290625 0.129688 0.164583
3 0.290625 0.491667 0.121875 0.166667
4 0.464062 0.500000 0.125000 0.170833
5 0.636719 0.514583 0.129688 0.175000
6 0.289844 0.726042 0.123438 0.177083
7 0.467187 0.723958 0.125000 0.172917
8 0.632031 0.740625 0.139063 0.177083
