5 0.288281 0.112500 0.085938 0.116667
6 0.373437 0.108333 0.081250 0.104167
0 0.468750 0.108333 0.090625 0.116667
2 0.550781 0.104167 0.089063 0.116667
7 0.638281 0.108333 0.089063 0.120833
0 0.290625 0.266667 0.121875 0.162500
9 0.465625 0.277083 0.128125 0.170833
2 0.633594 0.290625 0.129688 0.164583
3 0.281250 0.493750 0.121875 0.166667
4 0.453125 0.500000 0.125000 0.170833
5 0.630469 0.514583 0.129688 0.175000
6 0.280469 0.732292 0.123438 0.177083
7 0.457813 0.734375 0.125000 0.172917
8 0.622656 0.742708 0.139063 0.177083
