5 0.227344 0.175000 0.085938 0.116667
6 0.314063 0.169792 0.084375 0.122917
0 0.406250 0.170833 0.090625 0.116667
2 0.491406 0.175000 0.089063 0.116667
7 0.575000 0.177083 0.087500 0.108333
0 0.231250 0.341667 0.121875 0.162500
9 0.414062 0.343750 0.128125 0.170833
2 0.577344 0.365625 0.129688 0.164583
3 0.224219 0.572917 0.123438 0.170833
4 0.403125 0.577083 0.128125 0.170833
5 0.571094 0.583333 0.129688 0.175000
6 0.219531 0.803125 0.132812 0.181250
7 0.404687 0.798958 0.125000 0.172917
8 0.572656 0.817708 0.139063 0.177083
