5 0.264844 0.243750 0.085938 0.116667
6 0.351562 0.244792 0.084375 0.122917
0 0.445312 0.239583 0.090625 0.116667
2 0.526563 0.243750 0.081250 0.116667
7 0.610938 0.241667 0.087500 0.108333
0 0.268750 0.414583 0.121875 0.162500
9 0.456250 0.410417 0.128125 0.170833
2 0.611719 0.428125 0.129688 0.164583
3 0.264844 0.639583 0.123438 0.170833
4 0.442188 0.643750 0.128125 0.170833
5 0.613281 0.647917 0.129688 0.175000
6 0.261719 0.869792 0.132812 0.181250
7 0.451562 0.873958 0.125000 0.172917
8 0.613281 0.880208 0.139063 0.177083
