5 0.280469 0.268750 0.085938 0.116667
6 0.367188 0.265625 0.084375 0.122917
0 0.459375 0.256250 0.090625 0.116667
2 0.539062 0.256250 0.081250 0.116667
7 0.626563 0.258333 0.087500 0.108333
0 0.289062 0.429167 0.121875 0.162500
9 0.467187 0.427083 0.128125 0.170833
2 0.624219 0.440625 0.129688 0.164583
3 0.282031 0.658333 0.123438 0.170833
4 0.460938 0.654167 0.128125 0.170833
5 0.628906 0.660417 0.129688 0.175000
6 0.283594 0.884375 0.132812 0.181250
7 0.464062 0.880208 0.125000 0.172917
8 0.621094 0.888542 0.139063 0.177083
