5 0.297656 0.277083 0.085938 0.116667
6 0.381250 0.276042 0.084375 0.122917
0 0.468750 0.271875 0.084375 0.110417
2 0.553125 0.270833 0.081250 0.116667
7 0.637500 0.268750 0.087500 0.108333
0 0.300000 0.439583 0.121875 0.162500
9 0.478125 0.435417 0.128125 0.170833
2 0.636719 0.451042 0.129688 0.164583
3 0.292969 0.662500 0.123438 0.170833
4 0.467187 0.666667 0.128125 0.170833
5 0.642969 0.670833 0.129688 0.175000
6 0.296094 0.890625 0.132812 0.181250
7 0.478125 0.888542 0.125000 0.172917
8 0.638281 0.901042 0.139063 0.177083
