5 0.288281 0.143750 0.085938 0.116667
6 0.373437 0.144792 0.084375 0.122917
0 0.464062 0.136458 0.084375 0.110417
2 0.548438 0.137500 0.081250 0.116667
7 0.632812 0.137500 0.087500 0.108333
0 0.293750 0.304167 0.121875 0.162500
9 0.470313 0.306250 0.128125 0.170833
2 0.632031 0.317708 0.129688 0.164583
3 0.286719 0.529167 0.123438 0.170833
4 0.462500 0.535417 0.128125 0.170833
5 0.633594 0.539583 0.129688 0.175000
6 0.283594 0.757292 0.132812 0.181250
7 0.470313 0.765625 0.125000 0.172917
8 0.632031 0.773958 0.139063 0.177083
