5 0.294531 0.114583 0.085938 0.116667
6 0.389062 0.115625 0.084375 0.122917
0 0.475000 0.107292 0.084375 0.110417
2 0.560937 0.112500 0.081250 0.116667
7 0.651563 0.110417 0.087500 0.108333
0 0.301563 0.281250 0.121875 0.162500
9 0.485938 0.279167 0.128125 0.170833
2 0.650781 0.294792 0.129688 0.164583
3 0.297656 0.510417 0.123438 0.170833
4 0.475000 0.508333 0.128125 0.170833
5 0.644531 0.514583 0.129688 0.175000
6 0.292969 0.732292 0.132812 0.181250
7 0.478125 0.740625 0.125000 0.172917
8 0.646094 0.748958 0.139063 0.177083
