5 0.328125 0.119792 0.100000 0.110417
6 0.417187 0.123958 0.090625 0.114583
0 0.514844 0.109375 0.085938 0.118750
2 0.594531 0.108333 0.085938 0.129167
7 0.690625 0.107292 0.093750 0.122917
0 0.333594 0.288542 0.135937 0.168750
1 0.514062 0.290625 0.140625 0.172917
2 0.690625 0.305208 0.137500 0.193750
3 0.319531 0.519792 0.145313 0.177083
4 0.509375 0.526042 0.146875 0.185417
5 0.685156 0.527083 0.139063 0.191667
6 0.325781 0.769792 0.145313 0.189583
7 0.518750 0.768750 0.140625 0.187500
8 0.689844 0.782292 0.157812 0.197917
