5 0.467969 0.166667 0.085938 0.116667
6 0.553125 0.166667 0.084375 0.125000
0 0.642188 0.151042 0.084375 0.110417
2 0.726562 0.155208 0.081250 0.118750
7 0.817187 0.150000 0.087500 0.108333
0 0.473438 0.325000 0.121875 0.162500
9 0.654687 0.325000 0.128125 0.170833
2 0.816406 0.336458 0.129688 0.164583
3 0.466406 0.550000 0.123438 0.170833
4 0.642188 0.556250 0.128125 0.170833
5 0.811719 0.564583 0.129688 0.175000
6 0.461719 0.767708 0.132812 0.181250
7 0.642188 0.778125 0.125000 0.172917
8 0.807031 0.796875 0.139063 0.177083
