5 0.255469 0.139583 0.085938 0.116667
6 0.345313 0.145833 0.084375 0.125000
0 0.439063 0.140625 0.084375 0.110417
2 0.523438 0.144792 0.081250 0.118750
7 0.609375 0.145833 0.087500 0.108333
0 0.262500 0.302083 0.121875 0.162500
9 0.439063 0.310417 0.128125 0.170833
2 0.607031 0.328125 0.129688 0.164583
3 0.249219 0.537500 0.123438 0.170833
4 0.428125 0.543750 0.128125 0.170833
5 0.605469 0.543750 0.129688 0.175000
6 0.250781 0.759375 0.132812 0.181250
7 0.432812 0.773958 0.125000 0.172917
8 0.600781 0.788542 0.139063 0.177083
