5 0.342187 0.183333 0.090625 0.108333
6 0.431250 0.185417 0.087500 0.120833
0 0.521875 0.181250 0.090625 0.120833
2 0.608594 0.180208 0.082812 0.118750
7 0.700000 0.184375 0.087500 0.122917
0 0.341406 0.348958 0.129688 0.177083
1 0.528906 0.357292 0.145313 0.181250
2 0.700781 0.366667 0.139063 0.179167
3 0.333594 0.576042 0.142187 0.181250
4 0.516406 0.590625 0.151562 0.185417
5 0.701562 0.597917 0.150000 0.195833
6 0.331250 0.830208 0.153125 0.206250
7 0.523438 0.828125 0.146875 0.181250
8 0.696094 0.845833 0.154688 0.200000
