5 0.264844 0.135417 0.085938 0.120833
6 0.351562 0.129167 0.084375 0.125000
0 0.439063 0.120833 0.084375 0.112500
2 0.529687 0.128125 0.081250 0.118750
7 0.614062 0.128125 0.087500 0.110417
0 0.267188 0.293750 0.121875 0.162500
9 0.448437 0.295833 0.128125 0.170833
2 0.613281 0.311458 0.129688 0.164583
3 0.261719 0.518750 0.123438 0.170833
4 0.435937 0.525000 0.128125 0.170833
5 0.607031 0.535417 0.129688 0.175000
6 0.255469 0.742708 0.132812 0.181250
7 0.440625 0.751042 0.125000 0.172917
8 0.602344 0.765625 0.139063 0.177083
