5 0.336719 0.172917 0.092188 0.116667
6 0.423438 0.173958 0.084375 0.118750
0 0.514844 0.167708 0.085938 0.114583
2 0.603906 0.167708 0.089063 0.118750
7 0.694531 0.170833 0.079687 0.112500
0 0.336719 0.334375 0.135937 0.168750
1 0.519531 0.341667 0.129688 0.162500
2 0.694531 0.355208 0.135937 0.181250
3 0.329688 0.571875 0.134375 0.181250
4 0.512500 0.581250 0.137500 0.195833
5 0.690625 0.585417 0.137500 0.187500
6 0.320312 0.810417 0.150000 0.195833
7 0.515625 0.822917 0.140625 0.170833
8 0.686719 0.829167 0.135937 0.187500
