5 0.282031 0.116667 0.085938 0.120833
6 0.371094 0.113542 0.079687 0.106250
0 0.459375 0.110417 0.084375 0.112500
2 0.551562 0.111458 0.081250 0.118750
7 0.643750 0.112500 0.087500 0.112500
0 0.284375 0.275000 0.121875 0.162500
9 0.471875 0.275000 0.128125 0.170833
2 0.636719 0.294792 0.129688 0.164583
3 0.278906 0.508333 0.123438 0.170833
4 0.457813 0.514583 0.128125 0.170833
5 0.633594 0.525000 0.129688 0.175000
6 0.288281 0.746875 0.132812 0.181250
7 0.464062 0.744792 0.125000 0.172917
8 0.633594 0.759375 0.139063 0.177083
