5 0.275781 0.102083 0.085938 0.120833
6 0.360156 0.103125 0.079687 0.106250
0 0.453125 0.100000 0.084375 0.112500
2 0.540625 0.098958 0.081250 0.118750
7 0.631250 0.104167 0.087500 0.112500
0 0.277344 0.266667 0.126562 0.162500
9 0.459375 0.270833 0.128125 0.170833
2 0.628906 0.288542 0.129688 0.164583
3 0.269531 0.497917 0.123438 0.170833
4 0.446875 0.508333 0.128125 0.170833
5 0.616406 0.518750 0.129688 0.175000
6 0.271094 0.736458 0.132812 0.181250
7 0.448437 0.730208 0.125000 0.172917
8 0.621094 0.753125 0.139063 0.177083
