5 0.275781 0.116667 0.085938 0.120833
6 0.361719 0.114583 0.079687 0.108333
0 0.453125 0.109375 0.084375 0.114583
2 0.537500 0.115625 0.081250 0.118750
7 0.628125 0.117708 0.087500 0.114583
0 0.278906 0.283333 0.126562 0.162500
9 0.459375 0.283333 0.128125 0.170833
2 0.628906 0.303125 0.129688 0.164583
3 0.271094 0.510417 0.123438 0.170833
4 0.448437 0.516667 0.128125 0.170833
5 0.621094 0.527083 0.129688 0.175000
6 0.266406 0.746875 0.132812 0.181250
7 0.456250 0.746875 0.125000 0.172917
8 0.621094 0.753125 0.139063 0.177083
