5 0.278906 0.140625 0.085938 0.122917
6 0.361719 0.133333 0.079687 0.108333
0 0.457813 0.133333 0.084375 0.116667
2 0.543750 0.130208 0.081250 0.118750
7 0.632812 0.131250 0.087500 0.116667
0 0.283594 0.300000 0.126562 0.162500
9 0.462500 0.300000 0.128125 0.170833
2 0.630469 0.313542 0.129688 0.164583
3 0.275781 0.525000 0.123438 0.170833
4 0.453125 0.539583 0.128125 0.170833
5 0.625781 0.537500 0.129688 0.175000
6 0.271094 0.763542 0.132812 0.181250
7 0.459375 0.761458 0.125000 0.172917
8 0.627344 0.771875 0.139063 0.177083
