0 0.346094 0.355208 0.120313 0.156250
1 0.518750 0.369792 0.118750 0.152083
2 0.696094 0.386458 0.126562 0.152083
3 0.325000 0.581250 0.125000 0.179167
4 0.509375 0.595833 0.125000 0.158333
5 0.692187 0.615625 0.128125 0.172917
6 0.310937 0.828125 0.134375 0.185417
7 0.505469 0.840625 0.117188 0.172917
8 0.679688 0.863542 0.137500 0.168750
5 0.346094 0.192708 0.082812 0.102083
6 0.434375 0.196875 0.078125 0.097917
0 0.523438 0.198958 0.078125 0.102083
2 0.610938 0.198958 0.078125 0.102083
7 0.697656 0.206250 0.079687 0.104167
