0 0.325781 0.401042 0.120313 0.156250
1 0.501563 0.409375 0.118750 0.152083
2 0.677344 0.436458 0.126562 0.152083
3 0.305469 0.634375 0.126562 0.168750
4 0.489063 0.639583 0.125000 0.158333
5 0.673438 0.656250 0.115625 0.154167
6 0.290625 0.871875 0.125000 0.168750
7 0.486719 0.882292 0.117188 0.172917
8 0.660937 0.905208 0.137500 0.168750
5 0.328906 0.238542 0.082812 0.102083
6 0.415625 0.244792 0.078125 0.097917
0 0.509375 0.242708 0.078125 0.102083
2 0.590625 0.248958 0.078125 0.102083
7 0.674219 0.254167 0.079687 0.104167
