0 0.322656 0.363542 0.120313 0.156250
1 0.496875 0.376042 0.118750 0.152083
2 0.672656 0.396875 0.126562 0.152083
3 0.300781 0.592708 0.126562 0.168750
4 0.489063 0.606250 0.125000 0.158333
5 0.660937 0.618750 0.115625 0.154167
6 0.287500 0.828125 0.125000 0.168750
7 0.483594 0.844792 0.117188 0.172917
8 0.660937 0.861458 0.137500 0.168750
5 0.324219 0.209375 0.082812 0.102083
6 0.414062 0.211458 0.078125 0.097917
0 0.504687 0.215625 0.078125 0.102083
2 0.589063 0.219792 0.078125 0.102083
7 0.669531 0.225000 0.079687 0.104167
