0 0.330469 0.334375 0.120313 0.156250
1 0.507812 0.351042 0.118750 0.152083
2 0.678906 0.371875 0.126562 0.152083
3 0.314844 0.569792 0.126562 0.168750
4 0.492188 0.577083 0.125000 0.158333
5 0.671094 0.592708 0.120313 0.164583
6 0.298438 0.805208 0.125000 0.168750
7 0.491406 0.814583 0.126562 0.179167
8 0.665625 0.838542 0.137500 0.168750
5 0.335156 0.180208 0.082812 0.102083
6 0.420312 0.186458 0.078125 0.097917
0 0.508594 0.186458 0.070312 0.093750
2 0.592187 0.192708 0.078125 0.102083
7 0.682031 0.193750 0.079687 0.104167
